2002/07/22/big/img_43.jpg 192.355110868 35.831763735 282.451295132 173.340982264
2002/07/26/big/img_634.jpg 130.238481759 41.898805377 189.933892241 157.949918623
2002/07/26/big/img_634.jpg 263.203204260 40.755279081 345.548549740 156.464884919
2002/07/19/big/img_843.jpg 59.183289425 43.593707249 160.399650575 188.517730751
2002/07/19/big/img_843.jpg 224.743287000 15.384737000 287.130493000 102.463957000
2002/07/19/big/img_843.jpg 326.522403448 37.246775549 434.313422552 179.386012451
2002/08/26/big/img_58.jpg 103.060235973 11.878065851 170.720964027 120.437168149
2002/07/21/big/img_375.jpg 101.513764171 22.801061596 298.108479829 304.758938404
2002/08/25/big/img_729.jpg 61.384009553 46.462259623 150.299390447 165.173740377
2002/08/25/big/img_729.jpg 163.062722492 21.477126026 241.700877508 143.055473974
2002/08/25/big/img_729.jpg 341.086712821 44.364547343 424.508679179 167.848062657
2002/07/19/big/img_561.jpg 83.284445401 22.945975558 217.914650599 193.108584442
2003/01/15/big/img_884.jpg 36.295557903 110.893148466 66.646842097 158.688851534
2003/01/15/big/img_884.jpg 108.529036606 29.145643579 203.474763394 179.818956420
2003/01/15/big/img_884.jpg 232.737157604 9.532999848 377.648242396 182.543800152
2003/01/15/big/img_884.jpg 67.257988396 109.614281790 86.029211604 138.880718210
2002/07/25/big/img_891.jpg 49.785306773 78.151537371 317.047413227 384.432428629
2002/08/09/big/img_558.jpg 87.665219906 16.406116860 237.484164094 240.275065140
2002/08/26/big/img_587.jpg 71.571720791 43.021506037 137.770119209 137.421191963
2002/08/26/big/img_587.jpg 193.996053152 19.521780308 262.947994848 125.359601692
2002/08/26/big/img_587.jpg 352.155797911 45.292158808 414.036640089 137.289203192
2002/08/13/big/img_1146.jpg 75.941087597 87.005281523 169.131112403 229.056518477
2002/08/13/big/img_1146.jpg 15.974018757 179.046801693 51.547981243 233.747798307
2002/08/13/big/img_1146.jpg 142.607994958 34.146973925 260.197405042 213.555026075
2002/09/02/big/img_15153.jpg 41.256710846 33.486049592 195.504689154 249.995550408
2002/09/02/big/img_15153.jpg 239.792960846 22.413819065 410.683839154 255.160380935
2002/07/26/big/img_316.jpg 104.855099288 40.166619567 190.276638712 174.727512433
2002/08/01/big/img_1940.jpg 50.078515248 3.316452324 149.831170753 175.992039676
2002/08/01/big/img_1940.jpg 197.380699333 55.067972015 284.302338667 192.184171985
2002/08/26/big/img_90.jpg 117.458661146 29.419708561 251.074938854 242.027913439
2002/08/26/big/img_90.jpg 218.958899710 -31.875178171 314.790900290 99.120578171
2003/01/13/big/img_347.jpg 38.106982940 43.452791824 126.068233060 190.405620176
2002/07/25/big/img_520.jpg 137.462423419 83.774458589 222.554738581 207.225793411
2002/07/25/big/img_520.jpg 3.471379665 293.378452043 44.056958335 355.676921957
2002/07/25/big/img_520.jpg 321.992965107 291.538377485 357.521000893 347.446724515
2002/08/29/big/img_18718.jpg -31.947033744 41.012051499 53.388533744 193.699748501
2002/08/29/big/img_18718.jpg 158.598660465 76.355918185 271.157107535 248.277481815
2002/08/29/big/img_18718.jpg 238.540042302 51.385831894 322.147157698 169.827368106
2002/08/29/big/img_18718.jpg 333.098978817 1.205517014 423.975757183 126.197856986
2002/08/28/big/img_19219.jpg 89.595229376 176.269946620 219.399770624 388.994453380
2002/08/13/big/img_375.jpg 130.129578482 81.354607212 212.920221518 204.396202788
2002/07/20/big/img_719.jpg 46.432441491 52.174989175 141.954336509 188.159298825
2002/07/20/big/img_719.jpg 146.035077685 26.412992448 252.442522315 177.679283552
2002/07/20/big/img_719.jpg 328.589738634 85.049034129 428.352163366 213.611661871
2002/07/20/big/img_719.jpg 300.189449000 63.251757000 386.136545000 188.093767000
2002/08/31/big/img_17431.jpg 147.820541906 80.252090193 226.280258094 181.848309807
2002/07/28/big/img_192.jpg 123.039354261 35.112293954 256.474147739 253.726862046
2002/08/26/big/img_259.jpg 108.388467233 37.621850095 229.681932767 211.700781905
2002/08/26/big/img_259.jpg 269.012772743 79.573644234 353.961827257 215.094081766
2002/08/26/big/img_259.jpg 223.441013218 78.205745033 273.875986782 161.004454967
2002/08/26/big/img_259.jpg 421.011404687 169.565720691 470.113795313 245.296479309
2002/08/18/big/img_484.jpg 58.910942913 87.409165499 144.114057087 206.585234501
2002/08/18/big/img_484.jpg 197.156452987 105.378900617 262.833547013 206.824899383
2002/08/18/big/img_484.jpg 305.395689444 24.592942961 414.378510556 189.198057039
2002/08/18/big/img_484.jpg 243.721270559 71.593837992 293.754529441 136.374762008
2002/08/18/big/img_484.jpg 180.806683899 47.451162695 244.239716101 141.446637305
2002/08/18/big/img_484.jpg 403.213461805 99.037059174 449.523738195 158.922340826
2002/08/18/big/img_484.jpg 31.820758354 123.067717466 54.906441646 153.105482534
2002/07/29/big/img_580.jpg 42.078539400 29.498675457 120.228188600 149.181682543
2002/07/26/big/img_84.jpg -5.720885937 79.192384413 27.941385937 127.689613587
2002/07/26/big/img_84.jpg 53.350013708 108.093154163 86.526012292 156.906099837
2002/07/26/big/img_84.jpg 83.127234937 84.674280854 111.724117063 129.438331146
2002/07/26/big/img_84.jpg 112.553226397 24.165670477 170.939997603 115.512711523
2002/07/26/big/img_84.jpg 193.951558564 57.056075461 224.007377436 104.028334539
2002/07/26/big/img_84.jpg 257.291454275 114.584944740 291.386511725 161.767597260
2002/07/26/big/img_84.jpg 258.282725163 80.733050775 290.077166837 127.313503225
2002/07/26/big/img_84.jpg 286.096680022 34.031839431 335.776913978 114.966996569
2002/07/26/big/img_84.jpg 288.855124289 -1.634565672 316.990299711 38.738665672
2002/08/02/big/img_302.jpg 103.764105240 8.080088153 181.764614760 135.571799847
2002/08/31/big/img_17007.jpg 162.077438344 68.257887137 259.396361656 206.617190863
2003/01/15/big/img_543.jpg -0.842246905 13.206291339 62.973846905 114.816508660
2003/01/15/big/img_543.jpg 174.165663594 35.585422786 236.807536406 132.938577214
2003/01/15/big/img_543.jpg 356.029951431 -2.712950327 421.238848569 90.776950327
2002/09/01/big/img_16488.jpg 111.627830896 19.894274245 181.822969104 134.436525755
2002/08/22/big/img_798.jpg 143.607628815 29.846218095 266.132499185 223.241015905
2002/08/22/big/img_798.jpg 47.041958081 283.740480461 127.738527919 368.113177539
2002/07/30/big/img_383.jpg 273.355520223 27.879916189 392.223707777 216.462119811
2002/08/04/big/img_668.jpg 83.090584811 21.033363399 217.124709189 224.902186601
2002/08/13/big/img_156.jpg 77.420683415 19.972028381 180.461716585 167.656955619
2002/08/07/big/img_1353.jpg 25.492230163 26.085232038 96.829293837 131.881161962
2002/08/07/big/img_1353.jpg 129.937267883 30.941579994 196.038304117 130.304274006
2002/08/07/big/img_1353.jpg 241.637926814 18.207442942 300.727053186 120.314979058
2002/07/25/big/img_281.jpg 97.909409350 7.945246897 162.916106650 121.867929103
2003/01/14/big/img_587.jpg 218.368833338 59.861904134 325.417766662 221.542495866
2003/01/15/big/img_524.jpg 80.243758204 139.589809252 177.712041796 283.186590748
2003/01/15/big/img_524.jpg 214.206059789 158.068993679 298.332140211 274.157806321
2002/08/19/big/img_726.jpg 75.179481478 12.307166472 170.821718522 159.067033528
2002/08/21/big/img_709.jpg 32.242545958 58.429142489 96.169454042 155.381657511
2002/08/21/big/img_709.jpg 180.608069587 41.722793981 277.797330413 178.385606019
2002/08/21/big/img_709.jpg 257.847917339 115.438940927 320.283082661 199.396859073
2002/08/21/big/img_709.jpg 358.830182875 127.344738097 427.928417125 226.552261903
2002/08/26/big/img_465.jpg 41.980203935 29.034522789 270.674796065 377.770799211
2002/07/31/big/img_658.jpg 29.730834539 8.607185260 152.414091461 191.390772740
2002/07/31/big/img_658.jpg 207.234191802 11.096084164 331.049058198 188.605185837
2002/07/31/big/img_658.jpg 32.081467753 240.559066072 151.996268247 417.898863928
2002/07/31/big/img_658.jpg 214.345984862 233.900135620 335.000761138 435.180746380
2002/08/28/big/img_19148.jpg 191.881432475 34.886100495 268.592065525 156.059499505
2002/08/28/big/img_19148.jpg 411.606760439 258.533817615 434.749673561 290.773112385
2002/08/28/big/img_19148.jpg 385.056256780 251.582519632 410.787713220 284.970670368
2002/07/23/big/img_423.jpg 35.694269609 10.181150274 274.449156391 400.853763726
2002/08/16/big/img_758.jpg 48.497137948 57.837294372 217.740462052 314.409143627
2002/08/22/big/img_523.jpg 39.654057707 169.873601349 166.881106293 373.021832651
2002/08/16/big/img_591.jpg 69.967739540 6.461463794 161.972260460 159.015936206
2002/08/23/big/img_845.jpg 195.137540462 62.369116327 279.985643538 180.590945673
2002/08/23/big/img_845.jpg 359.106433959 64.530109831 441.086454041 169.912958169
2002/07/26/big/img_678.jpg 79.994850646 194.747531349 178.072593354 348.528560651
2002/08/09/big/img_806.jpg 111.610517592 48.269962308 224.371698408 218.078643692
2002/08/09/big/img_806.jpg 49.872108783 195.203557838 71.337073217 221.847462162
2002/08/09/big/img_806.jpg 77.521771696 193.357774244 98.014046304 220.470305756
2002/08/09/big/img_806.jpg 103.267605219 195.791241517 123.632396781 221.047646483
2002/08/09/big/img_806.jpg 210.763745214 200.537653958 228.152336786 224.560248042
2002/08/09/big/img_806.jpg 236.556506672 197.147770492 253.899637328 220.706029508
2002/08/09/big/img_806.jpg 253.611046587 195.993959726 271.203961413 219.544912274
2002/08/09/big/img_806.jpg 283.231547625 195.471082965 303.648454375 221.353917035
2002/08/09/big/img_806.jpg 308.667325210 197.039168605 327.925666790 224.233067395
2002/08/09/big/img_806.jpg 326.238973282 199.065710355 344.053386718 221.997411645
2002/08/06/big/img_2369.jpg 37.621291024 157.628682768 115.780308976 276.176717232
2002/08/06/big/img_2369.jpg 131.823063854 15.102531268 207.448830146 133.387468732
2002/08/06/big/img_2369.jpg 251.914465245 100.361350080 333.895734755 227.332249920
2002/08/06/big/img_2369.jpg 337.711426433 47.312289139 412.758773567 150.458910861
2002/08/06/big/img_2369.jpg 85.581931272 -8.156044514 148.103798728 85.157244514
2002/07/29/big/img_457.jpg 48.467740222 40.462446773 249.950617778 367.966579228
2002/07/19/big/img_278.jpg 160.620240118 85.694890969 224.418585882 185.869631031
2002/07/19/big/img_278.jpg 348.377584734 75.857009971 410.719785266 174.560984029
2002/08/30/big/img_18107.jpg 123.754191416 22.970609522 190.701890584 128.048132478
2002/07/26/big/img_444.jpg 149.708882296 103.187652653 234.288745704 225.202683347
2002/08/20/big/img_278.jpg 38.799614368 91.589165208 92.929895632 159.798034792
2002/08/20/big/img_278.jpg 113.924219066 49.373955073 180.906004934 150.352088927
2002/08/20/big/img_278.jpg 291.343306052 20.348813215 373.462909948 149.008786785
2002/08/26/big/img_92.jpg 95.304332597 78.752133271 285.223867403 385.050290729
2002/08/26/big/img_257.jpg 69.642873697 138.001401189 171.515126303 286.627964811
2002/07/25/big/img_266.jpg 34.308291704 7.834611080 233.516840296 314.125274920
2002/08/05/big/img_3829.jpg 114.969512219 95.144686874 189.416687781 202.892513125
2002/08/05/big/img_3829.jpg 291.796264485 155.721310795 354.238663515 257.959689205
2002/08/05/big/img_3829.jpg 325.906992555 97.337622383 376.499007445 166.586777617
2002/08/05/big/img_3829.jpg 405.414008413 149.211490492 451.019191587 220.721709508
2002/07/26/big/img_757.jpg 105.922733906 27.335773730 177.384724094 146.906450270
2002/07/26/big/img_757.jpg 252.950504240 120.219897951 329.617543760 236.727790049
2002/07/29/big/img_1536.jpg 166.311607949 25.584780565 278.574722051 200.004961435
2002/08/09/big/img_472.jpg 140.420655553 23.003880755 238.018758447 167.810287245
2003/01/17/big/img_480.jpg 93.637227375 56.656798351 158.184572625 153.046401649
2003/01/17/big/img_480.jpg 235.127114397 13.364190449 298.610285603 114.999609551
2002/08/28/big/img_19355.jpg 21.344720552 19.576507231 96.196279448 127.398692769
2002/08/28/big/img_19355.jpg 219.221292985 87.359039894 289.771507015 192.395760106
2002/07/26/big/img_97.jpg 59.984686997 14.914715318 139.224261003 121.519452682
2002/07/26/big/img_97.jpg 417.487248684 10.081799710 457.006545316 62.331002290
2002/08/06/big/img_2503.jpg 315.356434552 52.010858064 375.756011448 145.745291936
2002/07/19/big/img_254.jpg 71.951924075 42.680399258 180.202021925 190.212046742
2002/07/19/big/img_254.jpg 168.989444854 105.964107172 228.068209146 189.451796828
2002/08/01/big/img_1470.jpg 61.030825949 32.926089003 276.757120051 390.807984997
2002/08/21/big/img_42.jpg 85.974070743 29.269809044 263.913729257 299.585790956
2002/08/20/big/img_217.jpg 82.510352844 4.471625230 144.549047157 96.162974770
2002/08/20/big/img_217.jpg 337.695313998 9.653726873 420.891946002 140.550873127
2002/08/06/big/img_2459.jpg 69.030292888 12.761634126 133.485107112 113.493365874
2002/08/06/big/img_2459.jpg 170.861484532 18.968601062 238.202915468 128.864598938
2002/07/19/big/img_552.jpg 78.671979000 58.082453000 228.378635000 293.048335000
2002/08/13/big/img_717.jpg 141.382139883 224.565555733 207.242168117 323.433114267
2002/08/12/big/img_586.jpg 69.769470096 8.312216524 159.579821904 142.446651476
2002/08/12/big/img_586.jpg 316.747818535 28.425656934 406.544337465 159.487933066
2002/08/20/big/img_411.jpg 56.510430066 32.612815589 149.861169934 168.733984411
2002/08/20/big/img_411.jpg 199.907316174 29.825736557 303.770883826 171.548063443
2003/01/13/big/img_768.jpg 51.239856760 22.744517457 245.288119240 291.723318543
2002/08/07/big/img_1747.jpg 173.734424580 15.821557913 265.284579420 161.801666087
2002/08/15/big/img_385.jpg 147.007828693 12.473136871 214.838771307 126.226263129
2002/08/15/big/img_385.jpg 310.346229450 108.722834723 338.858720550 151.506165277
2002/08/15/big/img_385.jpg 271.818932401 22.641377973 298.589467599 59.762622027
2002/08/15/big/img_385.jpg 83.058053124 21.635161422 109.691546876 60.806438578
2002/08/01/big/img_1648.jpg 117.954735079 42.175184538 249.249008921 242.519895462
2002/08/15/big/img_311.jpg 104.942388828 31.617018987 252.135411172 238.625579013
2002/08/21/big/img_95.jpg 121.875658998 32.127688257 199.690141002 148.845711743
2002/08/09/big/img_108.jpg 140.548369974 23.366490081 226.678566026 156.972337919
2002/08/09/big/img_108.jpg 352.464305121 55.249815431 440.723978879 190.375216569
2002/08/21/big/img_398.jpg 126.333759896 75.801107763 254.481640104 263.339492237
2002/08/17/big/img_340.jpg 57.564675464 11.713479010 134.435324536 129.286520990
2002/08/17/big/img_340.jpg 170.533815112 41.356612113 201.966184888 91.143387887
2002/08/17/big/img_340.jpg 201.564098387 54.598350964 235.569901613 105.477849036
2002/08/17/big/img_340.jpg 262.600280838 48.611432452 293.891919162 92.666367548
2002/08/17/big/img_340.jpg 311.616610923 31.662026560 347.583389077 82.737973440
2002/08/17/big/img_340.jpg 346.096571581 25.776419755 432.903428419 166.556980245
2002/08/17/big/img_340.jpg 246.063240970 36.647506765 269.936759030 72.400093235
2002/08/14/big/img_474.jpg 110.488917831 25.273675067 190.912482169 152.198924933
2002/08/14/big/img_474.jpg 345.866646415 7.709695427 411.508953585 112.035104573
2002/08/13/big/img_294.jpg 67.526849752 54.485486734 236.511468248 298.927773266
2002/08/24/big/img_840.jpg 124.401892006 16.013067605 221.154539994 173.889858395
2002/08/09/big/img_808.jpg 108.274689690 27.716915028 183.493648310 131.174974972
2002/08/09/big/img_808.jpg 274.275109424 21.101727326 341.845646576 116.097240674
2002/08/23/big/img_491.jpg 72.608417645 64.696388521 153.930782355 180.038011479
2002/08/23/big/img_491.jpg 173.003841199 33.636810164 247.195302801 151.148125836
2002/07/28/big/img_33.jpg 187.693394429 31.931920993 287.312831571 218.769721007
2003/01/13/big/img_664.jpg 103.182165380 134.209506195 211.044506620 289.988693805
2002/08/02/big/img_261.jpg 100.893467520 30.648217888 164.567322480 132.882774112
2002/08/09/big/img_591.jpg 31.621597081 35.366618741 240.283842919 345.331865259
2002/07/26/big/img_309.jpg 149.556979575 6.528159948 303.187908425 244.641430052
2003/01/14/big/img_372.jpg 85.770681880 12.731301367 147.217718120 115.064498633
2002/08/19/big/img_581.jpg 107.034526991 49.521862618 206.582543009 199.449235382
2002/08/19/big/img_581.jpg 248.173301744 105.513348585 334.985626256 227.064417415
2002/08/19/big/img_168.jpg 149.853252251 40.406620348 316.848747749 273.074779652
2002/08/26/big/img_422.jpg 89.679491167 40.815585836 158.104754834 139.065504164
2002/07/24/big/img_106.jpg 112.799169649 51.825373047 252.069630351 251.549426953
2002/08/01/big/img_1936.jpg 75.674782765 10.560378396 159.235109235 138.658271604
2002/08/05/big/img_3764.jpg 84.280390169 32.859106950 209.338609831 232.145093050
2002/08/05/big/img_3764.jpg 211.319891792 80.720478025 347.670108208 260.799721975
2002/08/21/big/img_266.jpg 144.966482310 23.218942036 229.367809690 145.570257964
2002/08/21/big/img_266.jpg 308.688078700 191.898581725 338.648847300 233.255056275
2002/08/21/big/img_266.jpg 327.424643469 129.816481459 352.240950531 166.492200541
2002/08/31/big/img_17968.jpg 44.618154044 76.213818843 137.114245956 239.557981156
2002/08/01/big/img_1941.jpg 73.876799589 52.979603904 265.936674411 336.767636096
2002/08/15/big/img_550.jpg 276.454117409 33.779666029 374.310222591 197.895209970
2002/08/14/big/img_13.jpg 109.231960350 30.817528133 181.715439650 130.483871867
2002/08/14/big/img_13.jpg 309.075564390 70.469564671 385.958803610 182.677327329
2002/07/30/big/img_171.jpg 226.378585883 9.877916858 302.393134117 111.872141142
2003/01/13/big/img_490.jpg 96.454453257 40.420905783 196.158554743 201.837086217
2002/07/25/big/img_427.jpg 203.667611496 90.752308106 267.066402504 187.184883894
2002/07/19/big/img_770.jpg 144.361621124 25.211277188 274.189184876 206.409994812
2002/08/12/big/img_759.jpg 110.130566906 103.884636916 201.155233094 231.829563084
2003/01/15/big/img_1360.jpg 78.093151907 22.848050071 186.487848093 194.723349929
2002/08/05/big/img_3692.jpg -19.739011792 30.288945668 54.854811792 151.907854332
2002/08/05/big/img_3692.jpg 93.106956477 22.689147222 191.567443524 178.252252778
2002/08/05/big/img_3692.jpg 325.963076625 89.066733481 406.134923375 206.843866519
2003/01/16/big/img_30.jpg 67.484234324 9.215035456 165.269765676 169.669954544
2003/01/16/big/img_30.jpg 280.309115322 52.703068500 370.990284678 166.330731500
2002/07/25/big/img_1026.jpg -0.561416081 64.237704517 66.960182081 165.279765483
2002/07/25/big/img_1026.jpg 96.517452440 65.130327720 161.841995560 162.329592280
2002/07/25/big/img_1026.jpg 209.729358376 25.606743826 278.334047624 127.404296174
2002/07/25/big/img_1026.jpg 365.507927280 32.612794262 436.370712720 142.135139738
2002/07/25/big/img_1026.jpg -4.122881623 -10.246259149 47.048117623 66.392157149
2002/07/22/big/img_288.jpg 203.675769639 38.813567613 286.566832361 169.653252387
2002/08/29/big/img_18801.jpg 158.312443520 175.276503085 228.231868480 289.933586915
2002/07/24/big/img_793.jpg 128.101104592 0.369392495 200.255973408 122.878407505
2002/08/13/big/img_178.jpg 79.350595217 24.002405824 203.105204783 195.584650176
2002/08/06/big/img_2322.jpg 38.643050184 29.091105038 115.769929816 153.711254962
2002/08/06/big/img_2322.jpg 192.058058308 31.427907457 263.226941692 138.679092543
2002/08/06/big/img_2322.jpg 337.808961626 23.039369516 412.001038374 147.335230484
2003/01/14/big/img_560.jpg 197.228799687 25.026475554 266.037600313 133.232324446
2003/01/14/big/img_560.jpg 53.552745012 56.201918649 113.827654988 141.083081351
2003/01/14/big/img_560.jpg 115.933625834 24.644839713 153.464774166 82.339160287
2003/01/14/big/img_560.jpg -6.398174023 13.004415835 38.435774023 75.642410165
2003/01/14/big/img_560.jpg 310.224198121 54.805200068 343.677601879 104.759199932
2003/01/14/big/img_560.jpg 320.304213186 93.886719332 365.279386814 157.679480668
2003/01/14/big/img_560.jpg 349.916236677 75.163691492 415.409563323 180.392908508
2002/08/18/big/img_408.jpg 145.128919389 3.258811722 231.929480611 144.072388278
2002/08/18/big/img_408.jpg 252.922351315 80.386084017 352.446848685 232.596715983
2003/01/16/big/img_915.jpg 134.016588553 31.308166709 231.090611447 183.438833291
2003/01/16/big/img_679.jpg 176.123842865 113.678579910 307.288757135 319.099620090
2002/08/07/big/img_1552.jpg 237.413462831 35.398736332 319.745215169 182.793167668
2002/08/29/big/img_19050.jpg 158.454332440 275.252697253 238.355667560 391.650702747
2002/08/01/big/img_2172.jpg 18.644031217 59.423094389 114.486832783 204.119785611
2002/08/01/big/img_2172.jpg 195.599370301 18.723095710 347.111633699 236.794802290
2002/08/01/big/img_2172.jpg 330.496536843 91.722877891 397.154967157 191.487758110
2002/07/31/big/img_30.jpg 130.289304237 35.183740301 228.195179763 170.600177699
2002/07/30/big/img_1019.jpg 78.394341720 4.862283296 150.470676280 117.803234704
2002/07/30/big/img_1019.jpg 188.966043291 4.427326209 262.344266709 111.137401791
2002/07/30/big/img_1019.jpg 300.780494012 7.508933488 371.461995988 111.429350512
2002/07/30/big/img_1019.jpg 22.358720210 154.186424981 93.350381790 257.138103019
2002/07/30/big/img_1019.jpg 131.147274451 149.314155390 205.518103549 254.833822610
2002/07/30/big/img_1019.jpg 248.412961630 152.203759888 315.760968370 259.487962112
2002/07/30/big/img_1019.jpg 356.728279181 153.396712006 429.045130819 255.707085994
2002/07/30/big/img_587.jpg 91.197081059 45.659689481 282.304350941 280.132096519
2003/01/13/big/img_773.jpg 133.636807362 112.270750901 235.546816638 270.294885099
2002/07/30/big/img_410.jpg 100.000618601 23.098593180 182.921297399 154.062146820
2002/07/30/big/img_410.jpg 219.211113963 134.926101671 239.080552037 168.740564329
2002/07/28/big/img_65.jpg 84.102686545 27.052108443 120.637635455 78.003485557
2002/07/28/big/img_65.jpg 30.923417328 50.926807958 50.598494672 81.085144042
2002/07/28/big/img_65.jpg 48.277261156 48.529291326 69.093830844 77.814458674
2002/07/28/big/img_65.jpg 179.094654204 38.029087258 197.658153796 62.723720742
2002/08/05/big/img_3138.jpg 157.670382669 69.089738613 224.859867331 178.005801387
2002/07/23/big/img_541.jpg 71.865856860 39.371600280 237.086523140 300.018875720
2002/08/22/big/img_963.jpg 126.287580639 22.244371464 192.258075361 122.798880536
2002/07/27/big/img_657.jpg 208.375573846 48.030834331 287.299514154 161.722983669
2002/07/30/big/img_1051.jpg 37.945151121 32.270365662 123.311020879 156.642498338
2002/07/30/big/img_1051.jpg 160.304152385 10.041663477 214.228845615 103.071408523
2002/07/30/big/img_1051.jpg 266.217168837 62.629953335 304.301119163 120.191836665
2002/07/30/big/img_1051.jpg 322.422845716 68.865549990 352.464826284 112.427600009
2002/07/30/big/img_1051.jpg 363.674927709 98.860494902 379.429834291 121.476013098
2002/07/30/big/img_1051.jpg 370.557948003 81.572374004 384.730187997 101.953049996
2002/07/30/big/img_1051.jpg 433.924642868 95.756042693 445.794365132 112.243957307
2003/01/16/big/img_150.jpg 86.255310624 40.331326533 173.400289376 175.770073467
2003/01/16/big/img_150.jpg 265.167070277 120.808356239 343.829129723 239.581243761
2002/07/31/big/img_519.jpg 122.450857263 35.467248618 256.330276737 228.504253382
2002/07/31/big/img_519.jpg 242.532658477 -1.342985452 369.709823523 173.648689452
2002/08/01/big/img_1961.jpg 48.600651074 32.274726183 277.168386926 327.703333817
2002/08/05/big/img_3752.jpg 32.749413167 15.599297686 210.238586833 269.165102314
2002/08/05/big/img_3752.jpg 265.165758809 32.745663201 419.247641191 276.176336799
2002/07/23/big/img_631.jpg 258.838371062 20.835523030 350.327176938 162.714012970
2003/01/14/big/img_237.jpg 61.139655564 31.111454910 220.041106436 260.371797090
2002/07/28/big/img_21.jpg 78.971178851 20.275132645 258.985667149 263.374877355
2002/07/22/big/img_813.jpg 132.971749055 44.707917287 202.181900945 158.499942713
2002/08/05/big/img_3563.jpg 236.990002544 50.884723554 325.822685456 185.328608446
2003/01/17/big/img_620.jpg -39.682203494 -58.763492678 70.688403494 94.008092678
2003/01/17/big/img_620.jpg 127.595413072 21.597581439 240.494586928 199.087618561
2003/01/17/big/img_620.jpg 251.925575350 -8.892292032 352.993624650 145.282292032
2002/07/19/big/img_523.jpg 86.161060314 25.953047522 180.851315686 168.458272478
2002/07/19/big/img_523.jpg 277.646726830 53.079609223 354.635923170 179.861054777
2002/07/30/big/img_904.jpg 103.319663555 29.035503411 261.840578445 272.352906589
2002/07/30/big/img_904.jpg 301.473955523 29.083691212 422.815046477 232.724244788
2002/08/29/big/img_18642.jpg 134.031848898 264.879195574 200.403873102 362.757604426
2002/08/11/big/img_492.jpg 163.726781366 32.154832973 230.510872634 139.588731027
2002/08/11/big/img_492.jpg 334.009416076 18.930800092 402.113521924 120.974531908
2002/08/01/big/img_2130.jpg 63.197807301 10.632142011 133.063994699 112.492319989
2002/07/25/big/img_618.jpg 31.493522309 78.725136486 235.725677692 391.923303514
2002/08/17/big/img_305.jpg 72.554445340 146.322404926 167.139954660 288.930595074
2003/01/16/big/img_520.jpg 67.466128379 91.014371015 201.750271621 300.062826985
2003/01/16/big/img_520.jpg 229.485828306 20.904555092 357.264959694 203.412452908
2002/07/26/big/img_495.jpg 64.821114559 32.511592764 234.619701441 307.202079236
2002/08/17/big/img_164.jpg 140.426182437 43.619473911 230.807617563 181.960526089
2002/08/17/big/img_164.jpg 257.869250372 5.338905873 318.493549628 94.230094127
2002/08/03/big/img_440.jpg 130.175126769 202.327231969 206.791387231 314.554182031
2002/08/03/big/img_440.jpg 16.434695653 359.331569056 54.912604347 419.698244944
2002/07/24/big/img_441.jpg 309.478007009 39.147471389 389.107800991 165.540776611
2002/07/24/big/img_441.jpg 79.014124752 40.643595444 197.524421248 205.340646556
2002/07/24/big/img_441.jpg 211.812251187 187.644937769 233.346248813 213.576964231
2002/08/06/big/img_2146.jpg 201.202808087 47.214978649 284.575271913 174.880519351
2002/08/11/big/img_558.jpg 92.929028253 31.150696963 222.452571747 213.837303037
2002/08/02/big/img_545.jpg 18.321319949 14.202533304 69.110920051 94.741028696
2002/08/02/big/img_545.jpg 20.135207512 145.343779334 69.815074488 217.164694666
2002/08/02/big/img_545.jpg 19.958194767 271.585338191 66.888269233 351.208897809
2002/08/02/big/img_545.jpg 107.858006697 16.654316351 158.723079303 90.892643649
2002/08/02/big/img_545.jpg 106.788835506 142.472727148 162.563590494 228.805572852
2002/08/02/big/img_545.jpg 107.226650888 271.518993948 159.432457112 345.098540052
2002/08/02/big/img_545.jpg 198.966115840 17.259167031 251.240040160 94.168018969
2002/08/02/big/img_545.jpg 199.133283759 140.051851820 252.261352241 219.779566180
2002/08/02/big/img_545.jpg 200.321474133 272.004367181 250.918921867 349.590880819
2002/08/02/big/img_545.jpg 291.413943760 19.853571582 338.358158240 100.511196417
2002/08/02/big/img_545.jpg 291.181011505 140.312968776 343.180470495 219.069531224
2002/08/02/big/img_545.jpg 290.781295362 271.336241178 339.889136638 352.365420822
2002/08/02/big/img_545.jpg 380.477377185 18.055032045 432.934654815 97.693259955
2002/08/02/big/img_545.jpg 384.694768452 145.293259044 434.667037548 224.057434956
2002/08/02/big/img_545.jpg 374.083167702 265.009569456 435.922462298 365.701198544
2002/08/31/big/img_18090.jpg 143.160706241 51.290385689 247.159167759 199.288196310
2003/01/01/big/img_136.jpg 115.411794361 26.547330588 179.615821639 121.881271412
2002/07/25/big/img_1099.jpg 109.789188754 28.395745596 252.234733246 279.210138404
2003/01/13/big/img_728.jpg 71.511673000 67.175062000 233.511673000 327.291862000
2003/01/16/big/img_197.jpg 28.156843813 63.946385478 51.607956187 96.288814522
2003/01/16/big/img_197.jpg 131.798114976 14.679183895 184.302885024 102.485016105
2003/01/16/big/img_197.jpg 249.167121882 17.229484104 314.134678118 125.783915896
2002/07/26/big/img_651.jpg 167.382803314 59.586092539 276.541412686 234.214223461
2002/08/11/big/img_676.jpg 33.448191150 22.655822600 139.574008850 178.808177400
2002/08/11/big/img_676.jpg 268.556330804 58.903713676 398.767953196 252.889486324
2003/01/15/big/img_10.jpg 203.342086605 -9.818603436 282.910713395 109.628603436
2002/08/21/big/img_250.jpg 60.171527587 28.293192734 271.878742413 331.880207266
2002/08/14/big/img_325.jpg 202.405286252 147.670072023 285.809243748 281.328127977
2002/08/04/big/img_390.jpg 5.000891072 -47.593004274 108.237086928 112.273450274
2002/08/04/big/img_390.jpg 217.688512785 45.931506479 318.717111215 196.814739521
2002/07/24/big/img_554.jpg 52.777285993 26.480864607 196.646336007 251.201237392
2002/07/24/big/img_554.jpg 260.312343735 55.758183711 374.827662265 241.777190289
2003/01/16/big/img_333.jpg 69.416873617 32.638910790 178.550126383 207.194089210
2002/07/31/big/img_922.jpg 160.720832910 35.541747593 227.171779090 129.852698407
2002/07/31/big/img_922.jpg 220.445523227 115.271551695 258.697100773 172.601308305
2002/07/31/big/img_922.jpg 254.419435027 133.980819897 274.169452973 165.546958103
2002/07/31/big/img_922.jpg 306.384601135 102.647356347 372.167300865 195.385017653
2002/07/31/big/img_922.jpg 346.670074392 73.047377141 396.772661608 144.073990859
2002/07/31/big/img_922.jpg 418.399479644 71.011938157 479.449120356 159.601291843
2002/07/31/big/img_922.jpg 432.238979784 41.466975596 454.363060216 73.992208404
2002/09/02/big/img_15586.jpg 80.673592060 62.590494729 160.010207940 193.114905271
2002/09/02/big/img_15586.jpg 209.963153055 98.630291389 241.334646945 143.452108611
2002/09/02/big/img_15586.jpg 139.921474684 11.319215326 160.725325316 42.014184674
2002/09/02/big/img_15586.jpg 14.255098460 56.614307952 42.690101540 97.827692048
2002/09/02/big/img_15586.jpg 244.466025298 9.767713082 276.909974702 58.696286918
2002/09/02/big/img_15586.jpg 205.033335022 21.430367942 226.656064978 51.559032058
2002/09/02/big/img_15586.jpg 203.656716432 55.981023632 230.413083568 94.460776369
2002/09/02/big/img_15586.jpg 169.190274651 43.817521677 195.025125349 78.890078323
2003/01/16/big/img_184.jpg 109.271467946 28.249865124 231.810732054 223.448134876
2002/07/22/big/img_766.jpg 54.667719487 38.295033270 250.283176513 371.985208730
2002/07/21/big/img_608.jpg 69.265600549 32.226479961 298.922235451 397.995354039
2002/08/07/big/img_1578.jpg 158.511631775 80.061403117 283.394084225 283.874926883
2002/08/17/big/img_961.jpg 15.916671907 119.648776047 84.646528093 229.392639953
2002/08/17/big/img_961.jpg 142.411568070 21.851820509 226.266831930 148.993789491
2002/08/17/big/img_961.jpg 267.657580760 12.873788358 360.945819240 141.368223642
2002/07/27/big/img_324.jpg 75.407678740 37.588864482 225.689003260 282.396605518
2002/08/05/big/img_3765.jpg 65.910060673 38.808706745 129.302205327 127.391893255
2002/08/05/big/img_3765.jpg 325.593487648 10.547253521 402.974312352 108.645946479
2002/08/05/big/img_3765.jpg 395.189847540 74.152343944 432.549912460 125.907856056
2002/08/23/big/img_462.jpg 106.375382591 18.455854360 177.116147409 130.284685640
2003/01/16/big/img_382.jpg 131.996101196 15.646552113 222.125298804 148.767847887
2002/08/27/big/img_19838.jpg 254.126678875 159.750402460 384.067521125 348.990911540
2002/08/01/big/img_1505.jpg 109.932959147 250.653276571 189.579860853 370.693833429
2002/08/21/big/img_662.jpg -4.164708248 57.248002734 54.489708247 136.510397267
2002/08/21/big/img_662.jpg 86.201923110 26.189303843 125.067676890 81.426896157
2002/08/21/big/img_662.jpg 117.623360211 76.201545266 173.232239789 160.582654734
2002/08/21/big/img_662.jpg 195.011807234 51.245282664 204.901992766 65.398317336
2002/08/21/big/img_662.jpg 214.451346459 59.223034911 225.797253541 76.370165089
2002/08/21/big/img_662.jpg 325.834450469 21.597132954 369.873749531 79.879067046
2002/08/21/big/img_662.jpg 258.049839864 95.388215189 318.422960136 191.025584811
2002/08/21/big/img_662.jpg 295.596172227 91.043627779 340.228627773 150.343372221
2002/08/21/big/img_662.jpg 431.386608616 41.180150968 442.910191384 57.710449032
2002/08/14/big/img_605.jpg 82.664903099 30.468034033 278.952096902 353.953765967
2002/08/19/big/img_816.jpg 51.681163106 337.241706954 111.946036894 427.857107046
2002/08/19/big/img_816.jpg 129.671667309 185.195799330 193.902470691 284.617270670
2002/08/19/big/img_816.jpg 242.299666349 349.076061759 300.958119651 437.105514241
2002/07/29/big/img_136.jpg 59.631632812 71.600591165 269.236057188 352.956174835
2002/08/20/big/img_719.jpg 110.306015287 20.901834243 327.489168713 291.547165757
2002/08/06/big/img_2826.jpg 19.377129277 122.167293072 167.190978723 338.534132928
2002/08/06/big/img_2826.jpg 189.165349074 14.658800225 376.969012926 296.118823775
2002/08/10/big/img_630.jpg 31.244508472 12.279837294 137.232615528 149.793066706
2003/01/17/big/img_973.jpg 115.791413434 93.762727941 220.368586566 251.874872059
2002/08/14/big/img_116.jpg 191.979070198 21.292649318 277.139329802 153.498550682
2002/08/02/big/img_666.jpg 97.883024298 152.618839754 183.842773702 276.357306246
2002/08/02/big/img_666.jpg 262.931733658 62.047295268 347.433960342 194.221934732
2002/08/21/big/img_710.jpg 63.947938579 44.253227281 249.012261421 324.777972719
2002/08/05/big/img_55.jpg 188.011025225 73.706353694 262.674574775 188.354846306
2002/08/05/big/img_55.jpg 286.126141754 18.601166889 356.428058246 131.223433111
2002/08/05/big/img_55.jpg 295.794986381 206.954675389 327.209813619 260.176724611
2002/07/31/big/img_229.jpg 45.900776756 26.343367951 255.491949244 401.279728049
2002/08/01/big/img_1549.jpg 100.555328236 29.874282711 244.261677764 246.550825289
2002/07/23/big/img_432.jpg 76.214188561 22.497439774 175.041385439 171.479358226
2002/07/23/big/img_432.jpg 236.134915623 51.727924112 331.297490377 194.589435888
2002/07/21/big/img_430.jpg 166.837413904 14.502163070 253.553738096 139.740674930
2002/08/21/big/img_549.jpg 121.079476143 20.370817150 196.098923857 128.414582850
2002/08/21/big/img_549.jpg 201.703944604 81.876059992 258.171255396 172.839540008
2002/08/21/big/img_549.jpg 295.178510717 124.426794761 359.788289283 217.994005239
2002/08/21/big/img_549.jpg 358.652013582 63.874813020 405.629186418 133.081586980
2002/08/08/big/img_985.jpg 113.408967738 25.434814408 194.025280262 153.533483592
2002/08/08/big/img_985.jpg 242.361464133 49.600318917 309.167785867 172.323489083
2002/07/20/big/img_610.jpg 62.370556342 161.403586679 137.662567658 270.311727321
2002/07/23/big/img_978.jpg 180.409429380 7.263108168 323.054660620 269.793181832
2002/08/23/big/img_219.jpg 282.472067144 55.085880507 364.895610856 169.475765493
2002/08/23/big/img_219.jpg 343.485399611 -28.449187208 422.096314389 84.991663208
2002/08/23/big/img_219.jpg 91.567808569 23.796927206 187.102081431 184.057360794
2002/08/23/big/img_219.jpg 161.995878671 64.970263527 218.936495329 139.672182473
2002/08/23/big/img_219.jpg 205.797711162 97.447439863 248.385016838 149.759068137
2002/08/23/big/img_219.jpg 244.845092090 68.106620278 295.691795910 144.858711722
2002/07/25/big/img_175.jpg 27.654962954 15.127815272 97.925999046 116.871118728
2002/07/25/big/img_175.jpg 134.316082688 18.047669073 200.649117312 107.298430927
2002/07/25/big/img_175.jpg 234.879056536 59.521069535 297.197431464 147.927594465
2002/07/25/big/img_175.jpg 248.653952041 117.712407731 311.725703959 211.207206269
2002/07/25/big/img_175.jpg 392.245775806 133.913374650 450.887634194 220.821725350
2002/07/25/big/img_175.jpg 366.510514400 30.472332791 413.131209600 93.302313209
2002/07/25/big/img_175.jpg 422.480748846 48.567464624 458.171007154 96.403781376
2003/01/15/big/img_230.jpg 96.279574663 29.195711920 171.126025337 149.744288080
2002/08/23/big/img_385.jpg 120.391483567 274.807440292 193.201706433 378.153799708
2002/07/31/big/img_879.jpg 60.734367761 43.976378452 260.784318239 345.079593548
2002/08/12/big/img_495.jpg 213.629755261 15.620253495 313.341244739 187.706146505
2002/08/22/big/img_499.jpg 104.080712311 24.493933304 178.293713689 145.051304696
2002/08/30/big/img_18322.jpg 90.519005184 22.576522764 192.626394816 154.392677236
2002/08/15/big/img_795.jpg 66.774942722 101.079645559 138.281257278 200.667754441
2002/08/15/big/img_795.jpg 150.592385965 126.325564529 174.844414035 157.274835471
2002/08/15/big/img_795.jpg 224.010275802 115.817385305 239.346866198 142.166214695
2002/08/15/big/img_795.jpg 5.036758524 114.260538048 15.953041476 129.198661952
2002/08/15/big/img_795.jpg 26.140177508 141.129388984 40.624622492 158.870611016
2002/08/15/big/img_795.jpg 34.394945916 142.694255556 50.836654084 159.967344444
2002/08/15/big/img_795.jpg 188.957674930 137.638590373 203.947325070 158.656409627
2002/08/15/big/img_795.jpg 165.431249770 120.132508533 185.902150230 142.957891467
2002/08/15/big/img_795.jpg 197.038068179 125.715245971 209.608531821 140.664154029
2002/08/15/big/img_795.jpg 285.584856717 125.841712915 300.285743283 147.791287085
2002/08/15/big/img_795.jpg 337.418932550 108.683135051 362.299817450 145.587664949
2002/08/15/big/img_795.jpg 359.559850467 77.679542969 397.558949533 134.270457031
2002/08/13/big/img_835.jpg 36.390434687 111.663250203 109.500685313 216.150749797
2002/08/13/big/img_835.jpg 263.024435809 17.504407214 349.338364191 145.400792786
2003/01/17/big/img_930.jpg 77.051678138 29.709203614 142.862321862 130.744996387
2002/07/30/big/img_873.jpg 12.031269784 18.384661152 103.302584217 156.137698848
2002/07/30/big/img_873.jpg 139.702142268 27.140374820 238.660805732 190.125171180
2002/07/30/big/img_873.jpg 256.828084325 59.028905597 342.624775675 188.563124403
2002/08/11/big/img_257.jpg 111.348697994 22.410020695 222.969124006 189.031049305
2002/07/31/big/img_593.jpg 70.206738299 33.855786965 147.470565701 155.915489035
2002/08/21/big/img_916.jpg 140.065617473 27.200669959 223.414382527 158.823530041
2003/01/13/big/img_814.jpg 108.158621531 18.952568202 178.757778469 133.986631798
2002/07/25/big/img_722.jpg 103.006213234 23.051084513 227.068206766 208.688739487
2002/07/25/big/img_722.jpg 236.535510136 74.756888527 323.586219864 202.781053474
2002/08/16/big/img_379.jpg 164.610646928 93.258004462 310.377753072 300.311195538
2002/07/31/big/img_497.jpg 241.036505752 43.875420616 369.160344248 258.293433384
2002/07/22/big/img_602.jpg 61.128599208 23.036381232 310.954366791 387.001216768
2002/08/21/big/img_642.jpg 41.568022236 42.779002945 242.383777764 397.740197055
2002/08/21/big/img_614.jpg 25.613515835 16.412673132 107.334284165 139.658926868
2002/08/21/big/img_614.jpg 151.570359951 53.927304607 252.091640049 203.735695393
2002/08/21/big/img_614.jpg 322.670227325 35.486483823 402.997572675 168.314916177
2002/08/23/big/img_482.jpg 110.689441225 16.119560353 204.210734775 157.689111647
2002/07/29/big/img_603.jpg 133.574308263 14.956950806 191.924921737 113.957597194
2002/07/29/big/img_603.jpg 203.845093101 91.684755438 256.440002899 172.494508562
2002/07/29/big/img_603.jpg 396.909736425 44.726960790 441.465723575 107.034183210
2002/08/13/big/img_705.jpg 79.702274301 59.267445266 193.953325699 236.533322734
2002/08/13/big/img_705.jpg 227.646416200 100.179249567 328.073273800 252.132178433
2002/07/23/big/img_833.jpg 150.994338010 91.370009935 239.199893990 228.676082065
2003/01/14/big/img_511.jpg 123.428822479 49.616992600 188.246345521 149.668407400
2003/01/14/big/img_511.jpg 253.606246349 21.411469508 314.299753651 117.047130492
2002/07/24/big/img_376.jpg 79.364938416 6.466568071 156.040321584 118.777431929
2002/07/24/big/img_376.jpg 185.159038134 107.796973025 234.147361866 171.379026975
2002/07/24/big/img_376.jpg 304.615746198 74.946630395 387.231053802 210.828169605
2002/08/17/big/img_1030.jpg 14.736064420 59.344986810 145.046935580 249.673813190
2002/08/17/big/img_1030.jpg 137.175242316 23.787778115 265.009957684 218.602421885
2002/08/05/big/img_3576.jpg 182.068645010 82.062599796 249.806498990 182.882680204
2002/08/16/big/img_540.jpg 35.840823331 103.711249016 114.567176669 219.358350984
2002/08/16/big/img_540.jpg 356.588462261 10.154163733 435.536337739 121.395836267
2002/07/22/big/img_630.jpg 148.648391414 91.733950671 239.821786586 227.667865329
2002/08/10/big/img_180.jpg 38.158880159 16.174185905 157.132319841 209.861170095
2002/08/14/big/img_905.jpg 116.315158233 36.943431299 176.249241767 137.506768701
2002/08/14/big/img_905.jpg 172.384278892 11.703288503 249.447521108 127.534511497
2002/08/14/big/img_905.jpg 255.661438675 41.399533240 317.492761325 139.665266760
2002/08/14/big/img_905.jpg 293.187514354 29.516677162 362.946085646 140.725722838
2002/08/14/big/img_905.jpg 414.450162356 -38.348421982 469.613037644 61.895021982
2002/08/29/big/img_18777.jpg 72.517389211 44.379771473 191.213268789 229.885542527
2002/08/22/big/img_693.jpg 141.341531637 18.617581453 259.712264363 189.390362547
2002/08/22/big/img_693.jpg 256.148581829 40.864226309 380.723556171 248.225313691
2003/01/16/big/img_933.jpg 22.616688292 50.721327527 41.038311708 76.588472473
2003/01/16/big/img_933.jpg 56.825953182 27.834793753 112.117246818 107.077806247
2003/01/16/big/img_933.jpg 158.079456108 45.129920106 196.488543892 105.757279894
2003/01/16/big/img_933.jpg 225.319547472 59.278497407 266.543852528 125.669302593
2003/01/16/big/img_933.jpg 315.424858464 64.967922338 374.959741536 141.123477662
2002/08/20/big/img_555.jpg 101.783579991 61.390195277 221.314820009 261.052804723
2002/08/15/big/img_549.jpg 107.164157881 35.879987311 194.065294119 158.472012689
2002/08/15/big/img_549.jpg 175.384242047 74.182341167 246.775785953 171.522684833
2003/01/14/big/img_830.jpg 46.744063534 16.294454184 171.080136466 178.567945816
2003/01/14/big/img_830.jpg 273.533839097 33.319120720 380.125760903 190.475679280
2003/01/16/big/img_64.jpg 53.905665238 16.346908482 155.281934762 186.495891518
2002/08/27/big/img_19670.jpg 115.020477716 12.032807725 220.647322284 167.421164275
2002/08/27/big/img_19670.jpg 268.248600513 132.026411315 380.325199487 284.054188685
2002/08/22/big/img_729.jpg 63.945435164 54.178718389 248.501422836 301.151401611
2002/08/22/big/img_729.jpg 154.362435332 -76.388258320 317.800046668 183.449904320
2002/07/27/big/img_981.jpg 127.747564179 17.291538175 224.759401821 179.533849826
2002/07/27/big/img_981.jpg 257.242722195 182.673391899 340.022947805 316.479840101
2002/08/09/big/img_458.jpg 78.111947345 27.333350729 172.581972655 178.296685271
2003/01/17/big/img_884.jpg -17.150616174 30.961105481 51.770816174 142.097106519
2003/01/17/big/img_884.jpg 74.782865752 69.770268895 128.180734248 148.893531105
2003/01/17/big/img_884.jpg 230.250830229 12.476900576 325.470969771 150.676499424
2002/07/25/big/img_639.jpg 302.291550765 43.621633627 418.260487235 187.478528373
2002/08/31/big/img_18008.jpg -6.292343255 1.783843974 69.488895255 109.409356026
2002/08/31/big/img_18008.jpg 165.378240139 66.375105508 238.927757861 177.693294492
2002/08/31/big/img_18008.jpg 255.203540352 80.124068493 332.018539648 187.583131507
2002/08/31/big/img_18008.jpg 357.411772294 124.630122968 424.850427706 211.903677032
2002/08/22/big/img_249.jpg 80.070728261 11.998371873 187.683943739 191.648030127
2002/08/17/big/img_971.jpg 89.559367679 72.192013938 185.190432321 219.792186062
2002/08/04/big/img_308.jpg 108.870386331 13.429889625 214.323917669 166.275046375
2002/07/28/big/img_362.jpg 96.037605536 24.884358108 237.792436464 236.576095892
2002/08/12/big/img_142.jpg 185.601976796 86.169842629 247.695223204 183.709453370
2002/08/26/big/img_61.jpg 46.988957942 43.010418808 244.858442058 357.539561192
2002/08/14/big/img_422.jpg 71.124221872 11.013489194 163.988218128 158.040658806
2002/07/19/big/img_607.jpg 93.909870000 63.847923000 169.022922000 176.679545000
2002/07/19/big/img_607.jpg 176.762596763 21.926454344 238.221735237 115.700597656
2003/01/15/big/img_717.jpg 28.241736778 212.763908719 123.280663222 354.304091281
2003/01/15/big/img_717.jpg 176.024408051 102.468104794 268.071791949 244.120095206
2002/08/01/big/img_1475.jpg 89.770432485 35.835289877 228.975639514 268.761306123
2002/08/29/big/img_19061.jpg 86.654276393 271.734297799 173.025723607 403.015302201
2003/01/01/big/img_346.jpg 214.088698053 31.056378181 300.043301947 172.981421820
2003/01/01/big/img_346.jpg 281.604799591 37.913404215 365.269716409 159.426735785
2002/07/20/big/img_315.jpg 112.535649620 24.012457819 199.111468380 158.449550181
2003/01/15/big/img_756.jpg 100.176338471 30.688423645 201.049461529 186.664776355
2003/01/15/big/img_756.jpg 39.181045344 8.889211256 139.026354656 149.641388744
2002/08/15/big/img_879.jpg 37.378364530 21.982476160 200.625235470 258.246523840
2002/08/15/big/img_879.jpg 150.904743212 87.502631669 353.452256788 374.047768331
2002/08/08/big/img_615.jpg 160.801969595 10.369022013 237.151308405 119.344501987
2003/01/13/big/img_431.jpg 78.808618754 11.591874256 162.612647246 137.945033744
2003/01/13/big/img_431.jpg 206.443837379 45.076167982 279.901562621 157.419832018
2003/01/13/big/img_431.jpg 294.974093765 60.535740304 362.904204235 168.690659696
2003/01/13/big/img_431.jpg 362.082008046 124.091665904 394.077991954 168.816568096
2003/01/13/big/img_431.jpg 382.624477946 109.454606077 408.443436054 147.992699923
2002/08/05/big/img_3233.jpg 196.979754343 78.058243408 342.954321657 312.470566593
2002/08/24/big/img_526.jpg 119.591103846 39.479788952 231.725484154 201.561835048
2003/01/13/big/img_717.jpg 163.109583065 12.834009795 242.183400935 126.242590205
2002/09/01/big/img_16408.jpg 193.304498075 124.648899912 297.844701925 282.517300088
2002/07/22/big/img_217.jpg 176.650362185 17.616115896 294.860513815 199.064200104
2002/07/31/big/img_960.jpg 87.235865258 24.669061082 178.623814742 161.606128918
2002/07/31/big/img_960.jpg 267.462911119 107.914672790 383.841028881 292.787075210
2002/08/21/big/img_610.jpg -4.202502948 62.135968963 133.180302948 300.656631037
2002/08/21/big/img_610.jpg 169.670053495 27.859454019 292.526146505 236.461943981
2002/08/05/big/img_3753.jpg 252.227938292 6.498084838 394.852641708 226.563749162
2002/08/03/big/img_151.jpg -4.764633436 90.692472880 74.902177436 200.272473120
2002/08/03/big/img_151.jpg 51.824087473 278.591320250 135.304818527 395.940015750
2002/08/03/big/img_151.jpg 83.030080213 339.198037335 175.527865787 474.740362665
2002/08/03/big/img_151.jpg 177.796951724 34.585826030 271.818924276 159.852797970
2002/08/03/big/img_151.jpg 331.668431902 6.712734930 398.142664098 102.134363070
2002/08/03/big/img_151.jpg 387.507641665 86.056144511 454.372944335 174.313535488
2002/08/21/big/img_267.jpg 101.749970637 23.809923422 212.434887363 180.791308578
2002/08/01/big/img_2175.jpg 89.147184104 110.668063514 290.316065896 414.798238486
2002/08/04/big/img_556.jpg 105.918368526 218.582429467 201.267773474 355.654184533
2002/08/04/big/img_556.jpg 68.933496739 -39.908192855 243.043999261 194.310300855
2002/08/21/big/img_527.jpg 115.016158001 54.629821583 189.429841999 166.305978417
2002/08/21/big/img_527.jpg 211.394573033 30.968643154 291.280426967 162.500356846
2002/09/02/big/img_15800.jpg 83.494615255 94.117972333 183.117784745 238.425227667
2002/09/02/big/img_15800.jpg 152.431874656 39.366580699 260.130325344 194.436219301
2002/07/27/big/img_156.jpg 101.146446450 29.903104072 200.206667550 195.728941928
2002/07/20/big/img_590.jpg 10.523074966 60.281766067 102.281667034 178.585097933
2002/07/20/big/img_590.jpg 183.656159000 28.559156000 262.832907000 147.562610000
2002/07/20/big/img_590.jpg 255.865415746 71.706221186 351.447842254 191.128324814
2002/08/15/big/img_700.jpg 61.454327973 71.148200990 112.838672027 146.559999010
2002/08/15/big/img_700.jpg 294.906510803 -14.106537529 418.889289197 161.024337529
2002/08/08/big/img_444.jpg 78.438406935 11.146161207 171.375881065 143.935754793
2002/08/08/big/img_444.jpg 306.033586793 15.676644275 390.889119207 145.937971724
2002/07/25/big/img_94.jpg 89.872899303 22.828253499 252.824962697 288.231320501
2002/07/24/big/img_778.jpg 91.970211388 19.325419678 186.146236612 157.445562322
2002/08/14/big/img_694.jpg 76.943028455 47.191499046 284.046971545 336.055700953
2002/07/20/big/img_666.jpg 104.610503657 41.762952186 209.810126343 204.944255814
2002/08/02/big/img_200.jpg 66.979537995 77.337706401 172.717528005 221.633553599
2002/08/02/big/img_200.jpg 217.710629855 24.797074741 322.342396145 189.553757259
2002/08/02/big/img_200.jpg 308.233669211 26.625292913 415.057518789 190.827677087
2002/08/02/big/img_578.jpg 10.431094507 26.727654808 130.693295493 223.563807192
2002/08/02/big/img_578.jpg 116.560960525 41.287593948 287.662887475 298.802364052
2003/01/17/big/img_332.jpg 59.625987280 36.949084704 150.178012720 191.564915296
2003/01/17/big/img_332.jpg 142.237783910 77.069592568 234.114616090 216.201807432
2002/09/01/big/img_16352.jpg 152.948382681 134.863242675 283.014217319 305.052957325
2002/09/01/big/img_16352.jpg -3.946078884 49.065954662 49.318878884 131.573045338
2002/09/01/big/img_16352.jpg 129.351692603 10.722210334 177.368107397 83.120789665
2002/08/27/big/img_19668.jpg 100.556591409 22.719841732 240.258372591 244.017232268
2002/07/23/big/img_823.jpg 58.791629578 18.711508657 255.457546422 337.358007343
2002/08/13/big/img_431.jpg 92.743142430 26.559988888 232.604457570 223.626811112
2003/01/16/big/img_463.jpg 50.041445770 10.086416903 119.323354230 113.107183097
2003/01/16/big/img_463.jpg 186.063258900 27.997404894 252.655941100 138.919795106
2003/01/16/big/img_463.jpg 293.015395274 143.156252850 367.771204726 254.645147150
2002/08/27/big/img_19711.jpg 165.216738329 2.350139631 397.023057671 324.093134369
2002/08/23/big/img_154.jpg 140.279435116 139.412343456 247.803800884 302.429300544
2002/07/31/big/img_360.jpg -37.036405745 67.140651832 57.355471745 219.089178168
2002/07/31/big/img_360.jpg 97.308969143 10.105847488 231.352702857 234.550056512
2002/08/23/big/img_555.jpg 111.069261545 110.898068917 208.783584455 251.663659083
2002/08/23/big/img_555.jpg 166.049194842 44.972321873 255.930779158 176.894176127
2002/08/10/big/img_561.jpg 157.872818409 20.888071314 238.083195591 142.789956686
2003/01/14/big/img_550.jpg 73.050434099 29.579306369 227.112965901 274.336893631
2002/08/07/big/img_1370.jpg 66.105613725 0.546568418 146.356240275 127.630223582
2002/08/07/big/img_1370.jpg 118.717143722 112.927082806 214.485616278 270.821501194
2002/07/30/big/img_1184.jpg 150.255160162 53.533055166 274.785439838 253.848144834
2002/07/30/big/img_1184.jpg 296.518364104 85.342972644 388.567235896 214.701443356
2002/07/30/big/img_1184.jpg 392.481216280 -10.383767563 461.475983720 88.073967563
2002/07/30/big/img_1184.jpg 7.157568637 -28.745518714 85.273631363 69.545118714
2002/07/30/big/img_1184.jpg 226.990113264 -1.565770564 311.151190736 114.250570564
2002/07/30/big/img_1184.jpg 365.073921406 -6.619613482 401.559878594 41.535013482
2002/08/01/big/img_1445.jpg 104.737194593 17.846926049 167.816357407 117.296215951
2002/08/01/big/img_1445.jpg 261.519806013 15.906284959 325.562409987 113.938083041
2002/08/23/big/img_22.jpg 122.854150656 31.917753932 208.012485344 155.318128068
2002/07/30/big/img_606.jpg 82.472522544 15.737261105 235.415077456 264.646538895
2002/07/30/big/img_606.jpg 277.129668362 27.095746752 410.045531638 244.211133248
2002/07/30/big/img_606.jpg 196.328216843 -22.184582342 273.572583157 88.828582342
2002/07/30/big/img_606.jpg 371.381539273 -20.082587477 446.739260727 84.048787477
2003/01/17/big/img_271.jpg 92.109557167 16.550801677 181.207842833 166.644198323
2002/08/31/big/img_17316.jpg 107.140933744 24.109710196 183.119066256 136.753689804
2002/08/31/big/img_17316.jpg 265.904459890 30.581621510 303.833614110 81.976920490
2002/08/16/big/img_973.jpg 6.464245852 27.465404674 168.607554148 288.645395326
2002/08/16/big/img_973.jpg 256.978991619 334.285776885 283.209608381 400.299423115
2002/07/26/big/img_77.jpg 74.091003039 153.464855839 202.083134961 334.508304161
2002/07/26/big/img_77.jpg 171.099722195 -23.206091633 275.471193805 133.028493632
2002/07/20/big/img_788.jpg 114.850897923 35.185814485 226.289644077 224.758059515
2002/08/06/big/img_2426.jpg 52.222766759 22.558830987 222.293243241 267.250189013
2002/08/07/big/img_1498.jpg 238.553657373 49.478849385 323.331568627 169.355170615
2002/08/16/big/img_358.jpg 6.397297903 -11.181419927 68.596302097 79.830619927
2002/08/16/big/img_358.jpg 119.231377651 23.560926995 218.920622349 197.523873005
2002/08/16/big/img_358.jpg 299.018914742 -5.974880023 358.545685258 79.293880023
2002/08/06/big/img_2851.jpg 81.486781402 26.014773407 179.078000598 187.277198593
2002/08/12/big/img_359.jpg 253.727026981 22.781874400 335.103573019 168.276325600
2002/08/01/big/img_1521.jpg 210.740973554 -6.556106654 277.399118446 96.132712654
2002/08/02/big/img_709.jpg 76.713901755 36.240447961 137.538230245 133.188942039
2002/08/02/big/img_709.jpg 280.321224260 43.737583011 343.786755740 145.943174989
2002/08/20/big/img_935.jpg 85.746227719 23.487934242 202.584002281 202.925591758
2002/08/20/big/img_935.jpg 260.414041026 137.297560629 306.714588974 208.353839371
2002/08/12/big/img_188.jpg 49.837451557 34.923312239 233.815348443 303.686687761
2002/08/24/big/img_411.jpg 115.079797053 40.014376010 261.988136947 251.335423990
2002/08/22/big/img_680.jpg 189.197554878 34.250101231 267.433953122 149.722452769
2002/08/22/big/img_680.jpg 290.967258659 37.539635144 369.314075341 143.215570856
2002/08/06/big/img_2480.jpg 87.973119776 119.502709509 161.370280224 228.732690491
2002/08/06/big/img_2480.jpg 281.490861952 167.696719874 355.900338048 278.965480126
2002/08/06/big/img_2480.jpg 43.360192892 369.325265233 116.136407108 475.699534767
2002/07/20/big/img_627.jpg 96.221688000 -1.840701000 195.154672000 148.424265000
2002/07/30/big/img_214.jpg 117.555841455 56.896000296 213.217070545 211.537479704
2002/07/25/big/img_354.jpg 170.896232120 52.781850242 270.582619880 217.150567759
2002/08/02/big/img_636.jpg 155.031810202 21.228677538 298.997959798 243.211226462
2003/01/15/big/img_661.jpg 211.278034184 65.611602995 322.411765816 234.102597005
2002/08/07/big/img_1327.jpg 48.662034968 74.283608681 146.299787032 219.929873319
2002/08/07/big/img_1327.jpg 192.788448051 53.873293661 289.275875949 202.828314339
2002/08/01/big/img_2108.jpg 70.152838522 37.347016508 226.160501478 300.832481492
2002/08/31/big/img_17919.jpg 73.061575887 49.083712785 155.072234113 168.570747215
2002/08/31/big/img_17919.jpg 151.061770287 38.854486456 246.707429713 163.533113544
2002/08/31/big/img_17919.jpg 333.666878779 113.356212569 422.734121221 243.084587431
2002/08/29/big/img_18768.jpg 102.913945312 -7.752875795 206.420054688 146.214275795
2002/08/29/big/img_18768.jpg 113.806394850 206.979524836 251.315405150 419.472675164
2002/08/05/big/img_3840.jpg 52.145903786 137.047126384 121.154496214 242.485273616
2002/08/05/big/img_3840.jpg 263.286862294 148.248235473 331.110137706 257.040964527
2002/07/26/big/img_242.jpg 62.411299516 40.139899964 185.618028484 226.925788036
2002/07/26/big/img_242.jpg 247.933613661 20.354311236 317.330160339 117.489088764
2002/07/26/big/img_242.jpg -36.258409617 69.003996386 49.703045617 192.967637614
2002/07/26/big/img_242.jpg 0.805544100 7.474787112 38.147781900 65.379354888
2003/01/14/big/img_451.jpg 107.143685759 132.989961956 223.251636241 343.710638044
2002/08/20/big/img_923.jpg 26.623721168 93.659157308 69.284618832 159.627734691
2002/08/20/big/img_923.jpg 84.154995413 43.707581008 158.089990587 143.583176992
2002/08/20/big/img_923.jpg 185.546444454 39.124844371 255.196955546 137.623355629
2002/08/20/big/img_923.jpg 297.662652148 14.449829005 363.822759852 119.046570995
2002/08/20/big/img_923.jpg 365.485956875 78.024204813 401.832063125 132.770847187
2002/08/27/big/img_19908.jpg 93.369775696 77.243673718 163.300106304 188.827474282
2002/08/27/big/img_19908.jpg 286.412063579 77.003067865 356.409484421 188.973924135
2002/08/16/big/img_282.jpg 166.885688171 163.182232178 248.222911829 285.114967822
2002/08/19/big/img_440.jpg 24.873719897 100.088214142 137.991992103 269.055961858
2002/08/19/big/img_440.jpg 209.605346903 24.507989265 368.379857097 264.526360735
2003/01/01/big/img_230.jpg 31.802722922 45.530778159 83.501319078 137.903315841
2003/01/01/big/img_230.jpg 120.310101423 15.536283796 230.485438577 177.124716204
2003/01/01/big/img_230.jpg 278.502487212 69.953179151 323.210912788 138.880020849
2003/01/01/big/img_230.jpg 332.315192225 83.914128793 387.566117775 159.282799207
2002/08/08/big/img_212.jpg 79.334903657 33.216152553 149.534276343 145.179343447
2002/08/08/big/img_212.jpg 228.912858517 36.470567873 296.713791483 142.024814127
2002/07/20/big/img_443.jpg 87.457004000 225.749081000 155.349858000 326.254437000
2002/07/20/big/img_443.jpg 56.195023000 -13.411612000 264.728053000 276.642380000
2002/07/20/big/img_443.jpg 275.837919000 346.055883000 304.986405000 412.822495000
2002/08/25/big/img_635.jpg 52.334516085 41.491629434 127.048483916 152.321524566
2002/08/25/big/img_635.jpg 192.821367884 49.565482283 264.647832116 156.673117717
2002/08/25/big/img_635.jpg 312.675756568 16.172304320 371.959443432 121.374763680
2003/01/13/big/img_1169.jpg 73.394596507 10.736695671 161.156051493 158.335506329
2002/07/26/big/img_998.jpg 86.402296779 18.810734052 165.940729221 131.679485948
2002/07/26/big/img_998.jpg 293.258960860 56.806088593 364.032505140 163.012063407
2002/08/15/big/img_995.jpg 46.536428313 42.330486166 216.137971687 293.405513834
2002/08/15/big/img_995.jpg 162.063639939 164.388316000 298.483360061 348.093884000
2002/08/06/big/img_3002.jpg 177.043123626 15.820210327 266.044400374 170.505383673
2002/08/06/big/img_3002.jpg 258.151888790 70.099007773 352.287397210 211.166186227
2002/07/29/big/img_460.jpg 48.665653494 13.966325896 139.726314506 178.606646104
2002/07/29/big/img_460.jpg 230.230694396 131.960726883 314.670231604 267.046191117
2002/07/29/big/img_460.jpg 252.047432255 55.662407271 333.232655745 181.142900729
2003/01/14/big/img_925.jpg 86.081225595 43.983529045 298.984374405 371.122070955
2003/01/14/big/img_925.jpg 1.345241259 68.544866219 75.663758741 177.492133781
2003/01/14/big/img_925.jpg 17.065110466 198.481457827 96.678889534 314.306742173
2003/01/14/big/img_925.jpg 227.094185338 74.314804748 337.709414662 236.923195252
2002/07/23/big/img_539.jpg 126.943030516 29.680481202 329.376409484 321.973124798
2002/07/23/big/img_539.jpg 16.442333869 115.179355253 185.101506131 331.848194747
2002/08/16/big/img_694.jpg 81.296051085 14.070421604 149.969148915 122.886178396
2002/08/16/big/img_694.jpg 279.659323315 43.169365042 352.407676685 152.986834958
2003/01/13/big/img_459.jpg 107.191804901 24.019133033 243.790311099 248.292168967
2003/01/13/big/img_459.jpg 284.783803024 133.401780474 330.736942976 209.324359526
2002/07/23/big/img_249.jpg 72.339094604 17.826846101 263.636831396 309.224305899
2002/08/20/big/img_539.jpg 115.992575939 58.995533754 206.604250061 200.248632246
2002/08/04/big/img_186.jpg 161.270870100 34.494753756 229.718251900 130.440676244
2002/08/04/big/img_186.jpg 217.246584257 312.584688456 273.875727743 398.905901544
2002/08/04/big/img_186.jpg 21.737858744 294.780145040 78.074771256 382.140048960
2002/08/04/big/img_186.jpg 254.371441155 11.751076554 286.548668845 58.323303446
2002/08/04/big/img_186.jpg 148.064609754 3.050921716 176.436214246 46.675602284
2002/08/04/big/img_186.jpg 29.665436311 136.806349919 70.886217689 188.762356081
2002/08/04/big/img_186.jpg 4.638583715 3.533692849 35.214524285 47.260093151
2002/08/26/big/img_264.jpg 12.720494363 0.833209356 146.112799637 188.450780644
2002/08/26/big/img_264.jpg 127.848857121 54.169568290 276.073112879 275.260365710
2002/08/26/big/img_264.jpg 313.011808606 139.311720979 429.009791394 299.905239021
2002/07/22/big/img_704.jpg 127.599315487 42.490114434 191.651642513 137.332821566
2002/07/22/big/img_704.jpg 78.596685994 -16.272821887 131.989300006 61.540335887
2002/07/22/big/img_704.jpg 189.782255449 6.868623002 229.127420551 65.589440998
2002/07/22/big/img_704.jpg 232.270564602 -21.502958557 285.564231398 63.228792557
2002/07/22/big/img_704.jpg -14.042791635 10.923592558 22.261769635 81.645749442
2002/08/25/big/img_277.jpg 57.193220338 31.864068558 288.700183662 405.188439442
2002/08/22/big/img_988.jpg 9.257907825 105.732064615 152.839596175 343.441213385
2002/07/29/big/img_504.jpg -8.599712538 -10.472549456 62.625084538 99.476173456
2002/07/29/big/img_504.jpg 102.160885147 40.506661476 179.278066853 143.404882524
2002/07/29/big/img_504.jpg 181.031574786 42.512260501 260.810547214 156.002857499
2002/08/05/big/img_3600.jpg 46.297914146 29.869930234 169.651885854 223.442069766
2002/08/05/big/img_3600.jpg 287.264608717 25.755240759 406.519991283 233.183959242
2002/08/30/big/img_18380.jpg 112.088272048 51.886818425 224.185127952 215.474381575
2002/08/30/big/img_18380.jpg 243.541107575 103.039207960 351.093406425 287.379392040
2003/01/14/big/img_937.jpg 39.454599592 18.107345461 254.534200408 397.867454539
2002/08/21/big/img_254.jpg 34.774286068 39.274399078 254.053801931 368.196810922
2002/08/10/big/img_130.jpg 66.272337305 39.153664718 192.543198695 244.218523282
2002/08/20/big/img_339.jpg 86.245452673 57.422049601 192.946747327 225.651750399
2003/01/14/big/img_428.jpg -13.177186015 74.577780489 64.955986015 205.370819511
2003/01/14/big/img_428.jpg 157.152636920 76.965857220 246.248963080 210.225342780
2003/01/14/big/img_428.jpg 218.744877519 10.249957407 296.678722481 120.304042593
2002/08/20/big/img_889.jpg 36.497341267 16.140299807 123.746964733 134.480900193
2002/08/20/big/img_889.jpg 176.018625001 75.412353580 267.387824999 213.190446420
2002/08/20/big/img_889.jpg 316.401479845 20.136784657 404.060674155 166.029415343
2002/08/31/big/img_17637.jpg 23.587584522 34.779492157 55.125879477 79.586507843
2002/08/31/big/img_17637.jpg 63.984894250 -3.286272886 93.976643750 34.948992886
2002/08/31/big/img_17637.jpg 67.128660063 13.373361741 140.998669937 135.240564260
2002/08/31/big/img_17637.jpg 135.082628274 -8.745138207 163.082051726 35.525138207
2002/08/31/big/img_17637.jpg 226.125666736 84.496813377 260.056151264 137.645386623
2002/08/31/big/img_17637.jpg 248.128226880 33.864897304 280.224713120 80.630900696
2002/08/31/big/img_17637.jpg 310.379938309 12.182883915 343.573549691 63.693084085
2002/08/31/big/img_17637.jpg 387.630069446 -4.508832012 425.813190554 47.893158012
2002/08/31/big/img_17637.jpg 305.197194224 67.429676895 341.100017776 124.211189105
2002/07/26/big/img_644.jpg 312.198746129 16.471055965 396.724575871 143.597124035
2002/09/01/big/img_16776.jpg 92.965743835 23.420872604 228.501656165 243.069725396
2002/09/01/big/img_16776.jpg 283.268684058 49.605842574 403.022715942 226.008557426
2002/08/06/big/img_2239.jpg 39.017763677 11.786422659 218.927868323 265.477907341
2002/08/06/big/img_2646.jpg 211.969306856 27.710634018 278.872125144 138.445375982
2003/01/13/big/img_491.jpg 108.129443124 35.286158821 226.009550876 212.951171179
2003/01/13/big/img_491.jpg -9.021595586 -12.006124298 50.964389586 79.972386298
2002/08/10/big/img_579.jpg 154.140427627 119.007811258 254.919386373 299.831100742
2002/08/21/big/img_713.jpg 54.487633252 28.488282865 252.941566748 369.570317135
2002/08/22/big/img_482.jpg 15.924592590 145.833934104 117.503483409 292.002399896
2002/08/22/big/img_482.jpg -14.438061241 173.648995361 46.494087241 268.695634639
2002/08/22/big/img_482.jpg 137.771003015 164.480957200 183.394174985 231.766082800
2002/08/22/big/img_482.jpg 200.242471673 212.079849192 243.109782327 283.028672808
2002/08/22/big/img_482.jpg 284.161061124 171.366926814 361.502950876 292.862393186
2002/08/22/big/img_482.jpg 375.164247096 183.522272376 434.043544904 275.449457624
2002/07/22/big/img_167.jpg 129.970723792 -16.756792232 291.409000208 227.209196232
2002/07/24/big/img_539.jpg 20.065963094 59.036972781 117.447742906 184.783251219
2002/07/24/big/img_539.jpg 244.866390356 34.949872886 328.983617644 182.960131114
2002/08/14/big/img_721.jpg 213.199658836 43.744223042 347.275741164 224.620576958
2002/07/25/big/img_389.jpg 63.301674636 28.783950947 272.967337364 308.280041053
2002/09/01/big/img_16591.jpg 58.011249718 105.458497251 116.205278282 188.900902749
2002/09/01/big/img_16591.jpg 210.430404739 111.606606735 273.936195261 201.867993265
2002/08/13/big/img_543.jpg 179.653038726 30.863670269 248.063205274 141.434115731
2003/01/14/big/img_432.jpg 8.843763898 31.386757881 81.651060102 128.838642119
2003/01/14/big/img_432.jpg 210.637698023 19.884675143 287.505301977 137.390124857
2002/08/09/big/img_287.jpg 83.870792913 5.448797248 218.211127087 203.408886752
2002/07/26/big/img_126.jpg 110.910491572 22.769255026 220.815364428 199.327316974
2002/08/23/big/img_412.jpg 100.104430902 27.257013918 323.273171098 360.841632082
2002/08/15/big/img_1034.jpg 26.322473210 63.037001841 122.316926790 216.307798159
2002/08/15/big/img_1034.jpg 259.455922925 -2.216637297 350.167477075 131.075037297
2002/08/15/big/img_1034.jpg 262.142927195 209.443296111 399.022672805 407.897903889
2002/08/28/big/img_19485.jpg 66.237282114 32.702093426 209.876629886 255.389200574
2002/07/31/big/img_236.jpg 13.680474047 141.192192346 91.597125953 248.095607654
2002/07/31/big/img_236.jpg 102.560054612 46.796834142 194.198745388 186.976165858
2002/07/31/big/img_236.jpg 176.376316050 56.587760422 272.106083950 204.799639578
2002/07/31/big/img_236.jpg 314.182846992 76.675174359 430.968753008 246.833825641
2002/07/30/big/img_523.jpg 129.800161795 124.726848542 277.804394205 364.856039458
2002/07/19/big/img_141.jpg 152.833986359 35.578928161 217.344845641 145.167877839
2003/01/17/big/img_957.jpg 58.260808720 53.422471577 213.373309280 276.723928423
2002/08/04/big/img_81.jpg 260.717200399 12.306847977 415.769193601 240.003544023
2002/07/25/big/img_206.jpg 87.622055785 19.686359396 179.809146215 149.039912604
2002/08/15/big/img_716.jpg 154.179104062 18.871401124 254.224695938 167.709598876
2002/08/13/big/img_403.jpg 139.204403520 31.339499130 270.687396480 245.638500870
2002/08/15/big/img_685.jpg 180.155213130 19.437157502 285.531186870 195.128842498
2002/07/26/big/img_884.jpg 94.001627823 38.524986777 292.112362177 332.208665223
2002/07/19/big/img_499.jpg 89.154467000 -56.465267000 364.563615000 307.867841000
2002/07/23/big/img_772.jpg 30.199141467 47.308233196 207.925258533 321.178868804
2002/07/27/big/img_752.jpg 17.642417837 108.930853160 92.288394163 219.634388840
2002/07/27/big/img_752.jpg 174.571127161 82.474356514 242.847810839 190.578153486
2003/01/14/big/img_493.jpg 195.646820961 107.781584130 280.208579039 233.804815870
2002/08/25/big/img_664.jpg 34.479471008 41.877760544 110.318728992 163.069529456
2002/08/25/big/img_664.jpg 190.102954093 40.107231431 262.046691907 159.592190569
2002/08/25/big/img_664.jpg 333.459415670 32.685359382 405.069984330 145.801968618
2002/07/31/big/img_334.jpg 37.985381300 47.648588223 121.505356700 194.600081777
2002/07/31/big/img_334.jpg 177.281115086 48.323423766 265.200204914 194.939290234
2002/07/31/big/img_334.jpg 317.072734291 46.695407234 407.984315709 197.403808766
2002/08/26/big/img_678.jpg 80.900332022 6.666515936 167.271667978 124.174284064
2002/08/26/big/img_678.jpg 243.198561619 28.930750633 321.780438381 124.228849367
2002/09/01/big/img_16541.jpg 53.396055857 19.670280076 124.510944143 134.620719924
2002/09/01/big/img_16541.jpg 158.362658037 49.023178320 211.999341963 127.435221680
2002/09/01/big/img_16541.jpg 288.787922469 54.792983856 346.514077531 138.072416144
2002/09/01/big/img_16541.jpg 377.135983439 34.554689300 446.791816561 134.793310700
2003/01/14/big/img_347.jpg 51.409913381 19.196555817 147.401900619 187.222084183
2002/07/23/big/img_187.jpg 115.445832831 33.430205844 264.307559169 250.798448156
2002/07/30/big/img_1163.jpg 47.105652685 36.540731924 251.163139315 350.460124076
2002/08/05/big/img_35.jpg 123.817793472 11.721975648 190.726150528 124.167834352
2002/08/22/big/img_944.jpg 246.071448734 33.367342471 313.810959266 142.424703529
2002/08/07/big/img_1239.jpg 250.503391078 9.477542112 328.225700922 139.029935888
2002/07/29/big/img_1215.jpg 167.749700154 131.854833736 259.912671846 280.881534264
2002/07/29/big/img_1215.jpg 253.829371200 33.838508248 317.087938800 127.413125752
2002/07/29/big/img_1215.jpg 124.407582294 112.149624031 190.053251706 209.817737969
2002/08/03/big/img_312.jpg 112.458131139 24.826633202 187.150396861 155.868684798
2002/08/05/big/img_3523.jpg 28.726455923 34.680883627 269.829982077 417.431302373
2002/07/29/big/img_218.jpg 46.897887732 44.740878032 243.294962268 364.490351968
2002/08/13/big/img_672.jpg 71.187535804 97.249099049 147.886424196 212.963218951
2002/08/13/big/img_672.jpg 114.869898713 10.436222420 175.076681287 98.706063580
2002/08/13/big/img_672.jpg 278.581985111 40.461119222 367.869482889 178.331880778
2002/08/16/big/img_205.jpg 165.777484363 37.096280070 270.625515637 194.959919930
2002/08/17/big/img_594.jpg 64.184365397 30.706959590 136.470634603 142.323840410
2002/08/17/big/img_594.jpg 208.637740917 85.985661136 274.004459083 186.481138864
2002/07/29/big/img_1411.jpg 31.067936942 28.521553499 111.687597058 142.621174501
2002/07/29/big/img_1411.jpg 184.754316805 28.808190429 308.990045195 207.844385572
2002/07/30/big/img_942.jpg 122.673672708 -9.492188273 357.773591292 333.873856273
2003/01/16/big/img_312.jpg 83.177364110 20.369088669 145.713235890 110.518711332
2003/01/16/big/img_312.jpg 275.596900384 38.346929168 339.946099616 129.424870832
2002/08/08/big/img_312.jpg 305.528357810 26.487884949 371.130548190 123.657007051
2002/07/25/big/img_15.jpg 35.954232393 63.387326086 104.300209607 171.111771914
2002/07/25/big/img_15.jpg 169.825354831 16.237014378 248.097905169 120.677249622
2002/07/25/big/img_15.jpg 341.103846910 45.515499906 426.869993090 163.977958094
2002/07/25/big/img_15.jpg -12.904531334 -10.129288115 33.605679334 92.416644115
2002/07/25/big/img_15.jpg 225.800921968 59.097599438 273.118092032 131.518596562
2002/08/09/big/img_839.jpg 42.991501564 31.719729452 265.270698436 357.824558548
2002/08/01/big/img_2069.jpg 115.677690026 13.129246601 185.935789974 121.865279400
2002/08/01/big/img_2069.jpg 275.374547517 81.632779303 344.688750483 185.526546697
2002/08/31/big/img_17512.jpg 117.111010596 44.695153591 189.072589404 168.511646409
2002/08/01/big/img_3.jpg 86.079965454 36.283250489 146.784606546 123.697789511
2002/08/01/big/img_3.jpg 187.690388695 56.462111989 249.486999305 153.926620011
2002/08/01/big/img_3.jpg 196.637038727 8.973528285 262.086667273 105.910605715
2002/08/01/big/img_3.jpg -15.633309667 1.816901085 23.346821667 66.572286915
2002/07/31/big/img_320.jpg 52.900066019 32.499629443 185.698681981 248.618266557
2002/07/31/big/img_320.jpg 252.655499634 41.252271871 393.256444366 236.597686129
2003/01/15/big/img_1265.jpg 204.239243428 -0.066274496 340.923156572 195.184274496
2002/08/14/big/img_563.jpg 110.057645985 36.126424269 201.705954015 168.994775731
2002/07/31/big/img_167.jpg 241.978092115 14.065537557 327.702073885 149.407754443
2002/08/20/big/img_374.jpg 38.638522258 153.430771026 168.228311742 321.095616974
2002/08/20/big/img_374.jpg 188.293248763 19.913328607 351.970951237 272.233459393
2002/08/20/big/img_374.jpg 382.649912582 176.942128246 438.750415418 255.356071754
2002/08/13/big/img_406.jpg 69.437339046 44.696504236 201.131060954 239.452095764
2002/08/08/big/img_625.jpg 252.260167622 14.318566108 375.578846378 200.851169892
2002/08/02/big/img_314.jpg 47.308480636 23.106103374 232.514543364 330.525412626
2002/08/27/big/img_19964.jpg 178.067100447 24.162594811 291.369729553 181.314205189
2002/09/01/big/img_16670.jpg 84.357936542 15.480445645 133.366863458 89.909754355
2002/09/01/big/img_16670.jpg 198.975750525 -3.852519585 241.980849475 61.466919585
2002/09/01/big/img_16670.jpg 268.239372121 22.804426165 351.942027879 150.132773835
2002/09/01/big/img_16670.jpg 246.982728108 -9.862649209 273.890071892 25.489849209
2002/07/31/big/img_599.jpg 114.869599390 17.052034139 245.839268610 214.475743861
2002/08/29/big/img_18906.jpg -16.518995245 -40.688549548 126.498595245 170.432949548
2002/08/29/big/img_18906.jpg 92.958739969 41.622639437 303.739060031 382.312960563
2002/08/29/big/img_18906.jpg 248.201398086 157.984715585 355.928543914 329.868154415
2002/07/24/big/img_373.jpg 39.926086428 12.471551718 102.538047572 96.096660282
2002/07/24/big/img_373.jpg 179.174096418 22.008504884 223.857933582 85.316379116
2002/07/24/big/img_373.jpg 350.336059380 14.622093193 405.260076620 90.183926807
2002/07/24/big/img_373.jpg 243.775780919 71.938076061 269.387009081 109.426263939
2002/07/24/big/img_373.jpg 278.595002966 83.615571838 300.071663034 112.594954162
2002/07/26/big/img_513.jpg 41.587039563 33.499449853 143.117192437 182.643758147
2002/07/26/big/img_513.jpg 235.340878124 41.390403391 351.132379876 214.056610609
2002/09/02/big/img_15497.jpg 31.640524512 19.525864249 117.491369488 157.604135751
2002/09/02/big/img_15497.jpg 128.219628206 71.392175649 184.485371794 156.526024351
2002/09/02/big/img_15497.jpg 186.409763615 88.489080684 260.942496385 198.579919316
2002/08/19/big/img_117.jpg 37.136343723 19.357456947 252.502856277 367.015743053
2003/01/01/big/img_158.jpg 49.463235055 11.129717596 254.843324945 345.195718404
2002/08/24/big/img_178.jpg 167.328224679 40.125680332 258.514749321 184.446219668
2003/01/13/big/img_935.jpg 183.389754020 24.533961678 295.385311980 189.005038321
2002/08/13/big/img_609.jpg 42.976941639 67.875209834 146.643838361 222.829390166
2002/08/13/big/img_609.jpg 155.124387859 38.665720866 275.283918141 209.384701134
2002/08/30/big/img_18341.jpg 183.592817088 95.522361337 270.129582912 227.512638663
2002/08/30/big/img_18341.jpg 3.087695885 40.374156122 59.749406115 126.565243878
2002/08/30/big/img_18341.jpg 13.961062222 218.492451905 73.095861778 298.444392095
2002/08/30/big/img_18341.jpg 121.239462268 137.691819017 172.687797732 208.306892983
2002/08/30/big/img_18341.jpg 262.699355261 120.198153049 314.345786739 198.106450951
2002/08/30/big/img_18341.jpg 375.452865731 34.816657723 429.831360269 114.776586277
2002/08/25/big/img_674.jpg 81.044492103 15.265275934 148.791507897 126.848596066
2002/08/25/big/img_674.jpg 219.868078705 65.392520604 288.017575295 161.872879396
2002/08/25/big/img_674.jpg 294.983485206 24.488286723 352.876904794 113.701309277
2003/01/13/big/img_209.jpg 31.861450480 76.700822779 89.419387520 161.885577221
2003/01/13/big/img_209.jpg 183.555122191 71.977097936 244.563933809 163.157034064
2003/01/13/big/img_209.jpg 257.785508513 30.605706737 340.829301487 146.912493263
2003/01/13/big/img_209.jpg 355.400529904 91.251787975 402.336996096 153.561660025
2002/08/13/big/img_258.jpg 59.286936185 52.773524054 182.186063815 228.458967946
2002/08/13/big/img_258.jpg 249.378441221 21.501781068 380.557758779 206.413018932
2002/08/05/big/img_3543.jpg 77.090108776 17.129556663 238.822123224 257.638265338
2002/08/07/big/img_1970.jpg 76.471971430 31.234281302 196.671940571 199.083802698
2002/08/07/big/img_1970.jpg 305.999701525 -27.735577558 408.607328475 126.683819558
2002/08/06/big/img_3004.jpg 179.589007329 94.141233698 262.278178671 218.440464302
2002/08/06/big/img_3004.jpg 286.960815174 12.106021920 411.862688826 185.346146080
2003/01/17/big/img_487.jpg 60.385393712 6.722001291 183.301006288 190.869598709
2002/08/24/big/img_873.jpg -20.201955208 71.467607014 78.758135208 227.400062986
2002/08/24/big/img_873.jpg 131.553986124 31.317711549 203.850809876 135.518462451
2002/08/24/big/img_873.jpg 51.302080131 -2.783361110 91.703111869 49.900701110
2002/08/24/big/img_873.jpg 359.288551132 32.435208701 451.602824868 168.683909299
2002/08/24/big/img_873.jpg 199.664857731 43.206637810 293.616038269 175.811306189
2002/08/29/big/img_18730.jpg 168.897346142 118.858479539 277.410649858 276.695994461
2002/08/09/big/img_375.jpg 116.836241696 15.864736260 198.531616304 121.779763740
2002/08/09/big/img_375.jpg 262.696300442 169.505494925 342.546409558 288.570757075
2002/08/09/big/img_375.jpg 315.827095176 26.053902044 394.000244824 144.150599956
2003/01/16/big/img_751.jpg 76.849947007 34.887525745 188.827052993 208.481274255
2002/08/02/big/img_603.jpg 92.425115846 53.913853331 184.826688154 201.442190669
2002/08/19/big/img_325.jpg 95.037098769 16.521574329 260.307603231 257.282735671
2002/09/01/big/img_16420.jpg 99.214716307 20.786396050 202.758083693 178.040603950
2002/08/05/big/img_3633.jpg 46.803353612 49.922696282 175.655046388 243.955703718
2002/08/05/big/img_3633.jpg 317.202662643 92.273889077 429.843137357 233.083110923
2002/08/21/big/img_516.jpg 39.807599876 66.117843336 101.495800124 157.780756664
2002/08/21/big/img_516.jpg 89.149565256 129.555580402 137.950034744 201.080019598
2002/08/21/big/img_516.jpg 238.772684690 60.723863939 309.262915310 161.460936061
2002/08/21/big/img_516.jpg 320.300392765 69.642844516 380.211007235 160.572155484
2002/07/19/big/img_501.jpg 45.440057000 77.982650000 214.701675000 338.152520000
2002/07/26/big/img_688.jpg 127.452297981 57.376556732 200.697162019 166.672207268
2002/07/26/big/img_688.jpg 255.564515901 58.214641630 323.675418099 160.048568370
2002/07/24/big/img_256.jpg 91.055752662 9.627022419 150.985311338 96.640377581
2002/07/24/big/img_256.jpg 232.536193585 28.027689513 289.090028415 101.115110488
2002/07/25/big/img_438.jpg 78.609379976 8.556796253 152.024630024 119.768403747
2002/07/25/big/img_438.jpg 291.939487832 18.860999181 368.024558168 132.006056819
2002/07/31/big/img_1017.jpg 162.760899555 11.539939459 220.342352445 100.499104541
2002/07/31/big/img_1017.jpg 292.337259873 66.448703161 354.975174127 156.998604839
2002/08/22/big/img_512.jpg 131.235127793 25.507962627 202.107490207 143.298597372
2002/08/22/big/img_512.jpg 98.105173188 263.023527343 199.655670812 422.480742657
2002/08/22/big/img_512.jpg 232.284533223 27.868896270 291.302970777 117.972913730
2002/07/21/big/img_543.jpg 208.717598723 29.174899436 414.409655277 325.894642564
2002/08/08/big/img_223.jpg 55.835411301 118.309001900 167.852266699 306.736364100
2002/08/08/big/img_223.jpg 287.799562752 42.967302834 407.003505248 245.366455166
2002/08/19/big/img_189.jpg 151.028563626 25.194803142 255.296036374 194.219996858
2002/08/12/big/img_630.jpg 66.081414732 23.136379686 299.482785268 367.148420314
2002/07/30/big/img_958.jpg 102.354758174 171.237442421 160.754241826 246.945957579
2002/07/30/big/img_958.jpg 141.064842920 242.818165635 193.706957080 329.652034365
2002/07/30/big/img_958.jpg 183.052289677 285.853792369 248.275802323 373.388007631
2002/07/30/big/img_958.jpg 182.940928025 154.016522432 232.193071975 224.456677568
2002/07/28/big/img_208.jpg 63.768945642 15.109221944 141.298462358 138.970008056
2002/08/31/big/img_17691.jpg 70.918272451 175.582632573 151.744501549 283.896767427
2002/08/31/big/img_17691.jpg 19.266900311 227.390637830 45.036895689 261.744962170
2002/07/22/big/img_542.jpg 20.673701604 39.336297413 261.197454396 379.291214587
2002/07/19/big/img_741.jpg 55.901304000 28.039839000 308.424112000 328.136635000
2002/07/19/big/img_158.jpg 124.789639000 22.984690000 237.793169000 182.986226000
2002/08/15/big/img_399.jpg 221.342111945 31.372969473 289.817688055 142.974630527
2002/08/15/big/img_399.jpg 105.492416241 86.803517275 148.501983759 155.731482725
2002/08/01/big/img_2159.jpg 180.552419484 25.336330468 271.027950516 152.511673532
2002/08/14/big/img_455.jpg 110.556229635 15.537329921 185.844822365 123.542870078
2002/08/14/big/img_455.jpg 178.447940231 67.993503662 244.201831769 162.544654338
2002/08/17/big/img_1011.jpg 93.008005716 26.938653564 178.697194284 158.624546436
2002/08/26/big/img_744.jpg 60.575481886 25.981565935 231.769474114 242.800528065
2002/08/12/big/img_624.jpg 192.505517077 10.464284579 353.662124923 261.762315421
2002/08/12/big/img_624.jpg 340.503003262 142.835299597 452.183944738 331.476300403
2003/01/17/big/img_821.jpg 137.883063974 9.292763451 314.139736026 251.551236549
2002/08/16/big/img_980.jpg 182.771658453 61.221717803 272.722541547 206.059482197
2002/08/16/big/img_980.jpg 329.053522426 110.017699077 388.518677574 201.329900923
2002/07/28/big/img_281.jpg 63.696010662 88.616968261 93.629299338 128.883031739
2002/07/28/big/img_281.jpg 86.101315989 124.237349449 120.097062011 167.110188551
2002/07/28/big/img_281.jpg 136.303909919 175.033760907 213.018400081 284.960491093
2002/07/28/big/img_281.jpg 122.283245354 279.101167407 182.047120646 368.699384593
2002/07/25/big/img_171.jpg 83.557404294 28.887051958 164.566661706 167.605210042
2002/07/25/big/img_171.jpg 254.765053179 36.654931989 351.267828821 183.658292011
2002/07/25/big/img_171.jpg 116.494732636 -40.340301320 209.531335364 76.643923320
2002/08/03/big/img_116.jpg 99.029942646 18.629792419 180.717207354 149.129655581
2002/08/03/big/img_116.jpg 242.789716585 96.495120093 299.268535415 177.914885907
2002/08/03/big/img_116.jpg 307.086048153 32.744086712 352.748499847 95.640341288
2002/07/22/big/img_467.jpg 47.758921549 44.249844456 258.021746451 341.039779545
2002/07/31/big/img_750.jpg 31.639949233 27.773113379 165.968582767 261.063744621
2002/07/31/big/img_750.jpg 165.126355409 41.554541921 296.344628591 238.809248079
2002/07/31/big/img_750.jpg 247.007588211 27.247988183 321.433609789 136.516433817
2002/07/26/big/img_435.jpg 86.676365187 27.180854004 218.288220813 243.157233996
2002/07/19/big/img_822.jpg 63.603858424 40.600049647 279.754707576 347.033026353
2002/08/13/big/img_626.jpg 121.632560241 24.526732161 213.493639759 157.574967839
2002/08/13/big/img_626.jpg 231.055831089 34.107259138 325.495168911 186.216140862
2002/08/11/big/img_344.jpg 174.396515695 8.838901015 263.382946305 154.332756985
2002/08/02/big/img_473.jpg 103.671322152 19.116939498 168.500253848 122.391980502
2002/09/01/big/img_16817.jpg 116.455709994 124.163862886 151.722890006 173.967937114
2002/09/01/big/img_16817.jpg 142.974282836 67.202495045 226.627717164 188.711904955
2002/09/01/big/img_16817.jpg 270.102551385 85.529178186 338.209648615 188.663821814
2002/09/01/big/img_16817.jpg 323.902667888 90.574999991 368.020732112 159.568800009
2002/09/01/big/img_16817.jpg 387.377866835 57.709716731 475.152933165 187.191883269
2002/08/01/big/img_1275.jpg 69.269619785 50.692422706 128.623502215 143.116087294
2002/08/01/big/img_1275.jpg 125.886367694 96.757908652 156.541342306 147.609559349
2002/08/01/big/img_1275.jpg 271.956391500 11.449369586 341.052978500 117.087688414
2002/08/28/big/img_19270.jpg 187.694030499 222.937721398 257.891169501 320.624278602
2002/07/23/big/img_607.jpg 240.129818684 -5.983455199 340.648679316 155.872703199
2002/07/23/big/img_607.jpg 148.762743692 20.849283702 203.498028308 117.071204298
2002/08/09/big/img_316.jpg 97.908462551 13.149006868 191.331135449 185.305179132
2002/07/29/big/img_626.jpg 203.264291631 7.752665174 393.425432369 297.054210826
2002/07/24/big/img_824.jpg 123.909761273 15.406315933 244.591638727 184.409884067
2002/07/22/big/img_342.jpg 29.126170828 19.337073610 102.047945172 133.102770390
2002/07/22/big/img_342.jpg 99.462146279 54.042299334 170.049387721 152.803048666
2002/07/22/big/img_342.jpg 284.938160752 48.991707356 357.901441248 164.165332644
2002/07/22/big/img_342.jpg 340.638677282 91.462497247 411.741934718 191.972782753
2002/07/22/big/img_342.jpg 162.974348473 34.994938033 239.846347527 156.602443967
2002/07/22/big/img_342.jpg 246.097623318 118.744915928 306.720870682 200.146376072
2002/08/08/big/img_794.jpg 109.520911796 48.693221799 219.970612204 226.934118201
2002/08/07/big/img_1209.jpg 5.944182439 -12.632259710 95.619161561 120.520647710
2002/08/07/big/img_1209.jpg 75.855201054 29.174005630 171.057492946 157.466504370
2002/08/07/big/img_1209.jpg 184.618844357 65.932581734 289.235139643 209.694396267
2002/07/19/big/img_18.jpg 161.494564783 22.586383480 240.701451217 144.606218520
2002/08/25/big/img_634.jpg 76.500407079 23.665561661 153.689192921 138.659392339
2002/08/25/big/img_634.jpg 185.424428383 87.992583956 259.698771617 201.253264044
2002/08/25/big/img_634.jpg 329.906720564 18.348506234 403.608595436 137.042093766
2002/07/24/big/img_730.jpg 172.699646860 16.106957881 300.188071140 205.339742119
2003/01/17/big/img_356.jpg 54.453618841 34.400573828 243.575581159 300.399426172
2002/07/23/big/img_305.jpg 27.501741655 83.547677861 175.525874345 318.876196139
2002/07/23/big/img_305.jpg 101.552786294 67.142885620 265.065141706 293.421556380
2002/07/30/big/img_453.jpg 35.586627272 28.021579441 223.733558728 315.913654559
2003/01/13/big/img_972.jpg 44.233876015 17.405476607 270.397861985 337.099267393
2002/08/06/big/img_2610.jpg 132.314433505 29.402614562 228.352892495 191.943251438
2002/08/29/big/img_18920.jpg 78.735668787 32.134120843 233.185531213 286.100679157
2002/07/31/big/img_123.jpg 150.042234053 16.851704392 248.743259947 181.182503608
2002/07/26/big/img_979.jpg 129.492082162 25.606749322 260.136657838 212.845824678
2002/07/26/big/img_979.jpg 19.349685094 -9.927156037 87.917800906 83.651392037
2002/08/24/big/img_635.jpg 116.176649756 22.399405132 250.256882244 207.949920868
2002/08/05/big/img_3704.jpg 99.613266892 19.728255960 191.998333108 168.341544040
2002/08/05/big/img_3704.jpg 331.834342703 104.320842724 418.347863297 220.133957276
2002/08/07/big/img_1358.jpg 84.219025788 25.004364892 246.221732212 293.420471108
2002/07/22/big/img_306.jpg 120.052142852 31.277470400 205.113797148 156.004743600
2002/08/13/big/img_619.jpg 101.592052209 101.628943338 173.377143791 211.098056662
2002/08/13/big/img_619.jpg 264.237729084 100.873817089 345.154358916 213.544088911
2002/08/13/big/img_619.jpg 397.801523341 2.625702315 480.587476659 111.245097685
2002/08/02/big/img_366.jpg 39.002963927 12.498116148 268.978378074 367.119769852